0 0.3032 0.3331 0.3637
1 0.3289 0.3023 0.3688
2 0.3595 0.277 0.3635
3 0.3936 0.2608 0.3456
4 0.4235 0.2582 0.3183
5 0.4577 0.2536 0.2887
6 0.4855 0.2567 0.2578
7 0.5058 0.2646 0.2296
8 0.514 0.2782 0.2078
9 0.5134 0.2941 0.1925
10 0.5092 0.3241 0.1667
11 0.4913 0.3543 0.1544
12 0.4737 0.3768 0.1495
13 0.4637 0.3953 0.141
14 0.4343 0.4269 0.1388
15 0.3974 0.4605 0.1421
16 0.3729 0.4826 0.1445
17 0.3478 0.5045 0.1477
18 0.315 0.5221 0.1629
19 0.2983 0.515 0.1867
20 0.2723 0.521 0.2067
21 0.2522 0.5204 0.2274
22 0.2405 0.4954 0.2641
23 0.2376 0.4631 0.2993
24 0.2459 0.4221 0.332
25 0.2571 0.3818 0.3611
26 0.2794 0.3402 0.3804
27 0.3027 0.3084 0.3889
28 0.3363 0.287 0.3767
29 0.3796 0.2602 0.3602
30 0.4144 0.2518 0.3338
31 0.4472 0.2487 0.3041
32 0.4726 0.2496 0.2778
33 0.4973 0.2568 0.2459
34 0.5105 0.2742 0.2153
35 0.5156 0.2926 0.1918
36 0.5031 0.3259 0.171
37 0.4839 0.3562 0.1599
38 0.4722 0.3794 0.1484
39 0.448 0.4106 0.1414
40 0.4184 0.444 0.1376
41 0.3914 0.4624 0.1462
42 0.3575 0.488 0.1545
43 0.336 0.4923 0.1717
44 0.3177 0.4959 0.1864
45 0.2935 0.5004 0.2061
46 0.284 0.4909 0.2251
47 0.2847 0.4762 0.2391
48 0.2692 0.4637 0.2671
49 0.2571 0.4501 0.2928
50 0.2553 0.4258 0.3189
51 0.2632 0.3902 0.3466
52 0.285 0.3602 0.3548
53 0.3041 0.3362 0.3597
54 0.3319 0.3142 0.3539
55 0.3597 0.2977 0.3426
56 0.3887 0.2849 0.3264
57 0.4141 0.2838 0.3021
58 0.4309 0.2897 0.2794
59 0.4456 0.2967 0.2577
60 0.4652 0.297 0.2378
61 0.479 0.3017 0.2193
62 0.4941 0.3136 0.1923
63 0.4884 0.3371 0.1745
64 0.4743 0.3635 0.1622
65 0.4455 0.3974 0.1571
66 0.4316 0.4162 0.1522
67 0.406 0.4421 0.1519
68 0.3899 0.4605 0.1496
69 0.365 0.4796 0.1554
70 0.3371 0.4981 0.1648
71 0.3109 0.508 0.1811
72 0.2846 0.5129 0.2025
73 0.2764 0.4988 0.2248
74 0.2681 0.4779 0.254
75 0.2663 0.4564 0.2773
76 0.2627 0.4341 0.3032
77 0.2703 0.4009 0.3288
78 0.2849 0.3775 0.3376
79 0.3025 0.3548 0.3427
80 0.3172 0.3296 0.3532
81 0.3442 0.3065 0.3493
82 0.3765 0.2912 0.3323
83 0.4074 0.2833 0.3093
84 0.4363 0.2794 0.2843
85 0.461 0.2811 0.2579
86 0.4795 0.2882 0.2323
87 0.4929 0.2988 0.2083
88 0.5006 0.3185 0.1809
89 0.4945 0.3429 0.1626
90 0.48 0.3706 0.1494
91 0.4598 0.3947 0.1455
92 0.4331 0.4184 0.1485
93 0.4077 0.4444 0.1479
94 0.3781 0.4735 0.1484
95 0.3512 0.4921 0.1567
96 0.327 0.4939 0.1791
97 0.301 0.5 0.199
98 0.2894 0.4957 0.2149
99 0.2703 0.4844 0.2453
100 0.2663 0.4704 0.2633
101 0.2661 0.4451 0.2888
102 0.2751 0.4174 0.3075
103 0.288 0.3879 0.3241
104 0.307 0.3543 0.3387
105 0.3296 0.328 0.3424
106 0.3529 0.3097 0.3374
107 0.3809 0.3007 0.3184
108 0.4032 0.2855 0.3113
109 0.4262 0.2847 0.2891
110 0.4524 0.2801 0.2675
111 0.4819 0.2808 0.2373
112 0.4878 0.2986 0.2136
113 0.4947 0.315 0.1903
114 0.4849 0.3326 0.1825
115 0.4806 0.3471 0.1723
116 0.4743 0.3592 0.1665
117 0.4537 0.3885 0.1578
118 0.4392 0.4087 0.1521
119 0.4201 0.43 0.1499
120 0.3982 0.4544 0.1474
121 0.3675 0.4819 0.1506
122 0.3436 0.4971 0.1593
123 0.3235 0.5063 0.1702
124 0.2945 0.5216 0.1839
125 0.2814 0.5102 0.2084
126 0.2682 0.4997 0.2321
127 0.2605 0.484 0.2555
128 0.25 0.4702 0.2798
129 0.2564 0.4366 0.307
130 0.2549 0.4011 0.344
131 0.2715 0.3678 0.3607
132 0.2954 0.3358 0.3688
133 0.337 0.3016 0.3614
134 0.3681 0.2835 0.3484
135 0.4057 0.2653 0.329
136 0.4387 0.2554 0.3059
137 0.4694 0.26 0.2706
138 0.4921 0.2686 0.2393
139 0.5024 0.2898 0.2078
140 0.5128 0.3008 0.1864
141 0.5082 0.3262 0.1656
142 0.4981 0.3478 0.1541
143 0.4806 0.3827 0.1367
144 0.4549 0.4144 0.1307
145 0.4177 0.4461 0.1362
146 0.389 0.4644 0.1466
147 0.3599 0.4872 0.1529
148 0.3383 0.5006 0.1611
149 0.3194 0.5103 0.1703
150 0.2993 0.5204 0.1803
151 0.2868 0.5219 0.1913
152 0.2694 0.5188 0.2118
153 0.257 0.5024 0.2406
154 0.2499 0.4785 0.2716
155 0.2493 0.4547 0.296
156 0.2549 0.4198 0.3253
157 0.2675 0.3804 0.3521
158 0.2912 0.3422 0.3666
159 0.326 0.3142 0.3598
160 0.3635 0.2918 0.3447
161 0.3959 0.2748 0.3293
162 0.4255 0.2672 0.3073
163 0.4524 0.2671 0.2805
164 0.4693 0.2701 0.2606
165 0.4866 0.2813 0.2321
166 0.5019 0.2947 0.2034
167 0.4988 0.321 0.1802
168 0.4826 0.3537 0.1637
169 0.4694 0.3747 0.1559
170 0.444 0.4123 0.1437
171 0.4173 0.4399 0.1428
172 0.392 0.4699 0.1381
173 0.3587 0.4962 0.1451
174 0.3311 0.5115 0.1574
175 0.3023 0.5308 0.1669
176 0.2844 0.5342 0.1814
177 0.2676 0.5258 0.2066
178 0.2565 0.5166 0.2269
179 0.2427 0.5002 0.2571
180 0.234 0.4772 0.2888
181 0.2367 0.4438 0.3195
182 0.2446 0.4063 0.3491
183 0.2672 0.3664 0.3664
184 0.2901 0.3303 0.3796
185 0.3199 0.3008 0.3793
186 0.3537 0.2814 0.3649
187 0.3875 0.2619 0.3506
188 0.4271 0.2414 0.3315
189 0.4611 0.2437 0.2952
190 0.494 0.248 0.258
191 0.5153 0.2564 0.2283
192 0.5395 0.2627 0.1978
193 0.5485 0.2787 0.1728
194 0.5398 0.3087 0.1515
195 0.5213 0.3442 0.1345
196 0.5035 0.3763 0.1202
197 0.4658 0.4188 0.1154
198 0.4343 0.4527 0.113
199 0.409 0.4807 0.1103
200 0.3714 0.5172 0.1114
201 0.3404 0.5415 0.1181
202 0.3034 0.5647 0.1319
203 0.2667 0.5794 0.1539
204 0.2378 0.5848 0.1774
205 0.2187 0.5732 0.2081
206 0.2007 0.5472 0.2521
207 0.1871 0.5097 0.3032
208 0.1887 0.4559 0.3554
209 0.1961 0.4038 0.4001
210 0.2162 0.3507 0.4331
211 0.2462 0.3047 0.4491
212 0.2891 0.261 0.4499
213 0.339 0.2289 0.4321
214 0.3901 0.2121 0.3978
215 0.4444 0.201 0.3546
216 0.49 0.1944 0.3156
217 0.5356 0.1963 0.2681
218 0.5671 0.2072 0.2257
219 0.5861 0.2292 0.1847
220 0.5935 0.2574 0.1491
221 0.5887 0.2838 0.1275
222 0.5639 0.331 0.1051
223 0.5198 0.385 0.0952
224 0.4809 0.4271 0.092
225 0.4386 0.4643 0.0971
226 0.3925 0.5043 0.1032
227 0.35 0.5423 0.1077
228 0.3178 0.5601 0.1221
229 0.2764 0.5836 0.14
230 0.2575 0.5805 0.162
231 0.2439 0.5681 0.188
232 0.2342 0.5479 0.2179
233 0.2234 0.5248 0.2518
234 0.2112 0.4963 0.2925
235 0.2131 0.4553 0.3316
236 0.2341 0.3946 0.3713
237 0.2577 0.3469 0.3954
238 0.2812 0.3152 0.4036
239 0.3199 0.283 0.3971
240 0.3681 0.2588 0.3731
241 0.4146 0.2446 0.3408
242 0.4545 0.2376 0.3079
243 0.4927 0.2378 0.2695
244 0.5188 0.2493 0.2319
245 0.5377 0.2655 0.1968
246 0.536 0.2902 0.1738
247 0.5354 0.3189 0.1457
248 0.5155 0.3526 0.1319
249 0.4941 0.3861 0.1198
250 0.4585 0.4277 0.1138
251 0.4231 0.4593 0.1176
252 0.3855 0.4896 0.1249
253 0.3473 0.5186 0.1341
254 0.3108 0.5436 0.1456
255 0.277 0.5636 0.1594
256 0.2515 0.5666 0.1819
257 0.2252 0.5673 0.2075
258 0.2121 0.5405 0.2474
259 0.2113 0.5015 0.2872
260 0.2089 0.4704 0.3207
261 0.2149 0.4255 0.3596
262 0.2303 0.3774 0.3923
263 0.2577 0.3246 0.4177
264 0.2949 0.2788 0.4263
265 0.3426 0.2477 0.4097
266 0.3852 0.2298 0.385
267 0.4273 0.2175 0.3552
268 0.4796 0.2096 0.3108
269 0.517 0.2195 0.2635
270 0.5446 0.2281 0.2273
271 0.5617 0.245 0.1933
272 0.5723 0.2648 0.1629
273 0.5604 0.2995 0.1401
274 0.5433 0.3331 0.1236
275 0.5163 0.3771 0.1066
276 0.475 0.4203 0.1047
277 0.4328 0.4643 0.1029
278 0.3928 0.5041 0.1031
279 0.3512 0.5377 0.1111
280 0.311 0.5615 0.1275
281 0.2792 0.5715 0.1493
282 0.254 0.5599 0.1861
283 0.2334 0.5461 0.2205
284 0.227 0.5282 0.2448
285 0.2149 0.5011 0.284
286 0.2137 0.4549 0.3314
287 0.2124 0.4183 0.3693
288 0.2234 0.3709 0.4057
289 0.2436 0.324 0.4324
290 0.2787 0.2832 0.4381
291 0.3226 0.2481 0.4293
292 0.3686 0.2308 0.4006
293 0.4129 0.2137 0.3734
294 0.4654 0.2027 0.3319
295 0.5085 0.2091 0.2824
296 0.5408 0.2197 0.2395
297 0.5597 0.242 0.1983
298 0.5659 0.2676 0.1665
299 0.5632 0.2945 0.1423
300 0.54 0.3365 0.1235
301 0.5094 0.3762 0.1144
302 0.4746 0.4187 0.1067
303 0.4368 0.4616 0.1016
304 0.3895 0.5044 0.1061
305 0.3456 0.5383 0.1161
306 0.3096 0.5608 0.1296
307 0.2815 0.5713 0.1472
308 0.2554 0.5755 0.1691
309 0.2335 0.574 0.1925
310 0.2182 0.5528 0.229
311 0.2092 0.5276 0.2632
312 0.2003 0.4948 0.3049
313 0.2073 0.4461 0.3466
314 0.2221 0.3917 0.3862
315 0.2396 0.3431 0.4173
316 0.2764 0.3006 0.423
317 0.3178 0.2646 0.4176
318 0.367 0.2369 0.3961
319 0.4123 0.2273 0.3604
320 0.4559 0.2159 0.3282
321 0.4927 0.2108 0.2965
322 0.5269 0.2227 0.2504
323 0.5429 0.2407 0.2164
324 0.5461 0.2646 0.1893
325 0.5475 0.2847 0.1678
326 0.532 0.3188 0.1492
327 0.5194 0.3469 0.1337
328 0.4888 0.3833 0.1279
329 0.456 0.4216 0.1224
330 0.4176 0.4626 0.1198
331 0.3839 0.4915 0.1246
332 0.3455 0.5167 0.1378
333 0.3058 0.5444 0.1498
334 0.2821 0.545 0.1729
335 0.2604 0.5412 0.1984
336 0.2458 0.5295 0.2247
337 0.2315 0.5092 0.2593
338 0.2324 0.4718 0.2958
339 0.2372 0.4375 0.3253
340 0.2468 0.3993 0.3539
341 0.2545 0.3677 0.3778
342 0.2822 0.3278 0.39
343 0.3062 0.3001 0.3937
344 0.3363 0.2735 0.3902
345 0.3727 0.2566 0.3707
346 0.4104 0.2447 0.3449
347 0.4489 0.2371 0.314
348 0.4836 0.2389 0.2775
349 0.5046 0.2515 0.2439
350 0.5118 0.2661 0.2221
351 0.525 0.2838 0.1912
352 0.5224 0.3073 0.1703
353 0.5131 0.338 0.1489
354 0.4977 0.3644 0.1379
355 0.4742 0.3993 0.1265
356 0.439 0.4362 0.1248
357 0.4036 0.4687 0.1277
358 0.3685 0.4976 0.1339
359 0.3388 0.5199 0.1413
360 0.3098 0.5378 0.1524
361 0.2896 0.542 0.1684
362 0.2599 0.5486 0.1915
363 0.2373 0.5409 0.2218
364 0.2315 0.5184 0.2501
365 0.226 0.4822 0.2918
366 0.2238 0.4425 0.3337
367 0.2452 0.3974 0.3574
368 0.2589 0.3632 0.3779
369 0.2821 0.327 0.3909
370 0.3073 0.2963 0.3964
371 0.3508 0.2635 0.3857
372 0.3979 0.2462 0.3559
373 0.4507 0.2302 0.3191
374 0.495 0.2307 0.2743
375 0.5201 0.2431 0.2368
376 0.5386 0.2584 0.203
377 0.5462 0.2771 0.1767
378 0.5391 0.3006 0.1603
379 0.5301 0.3341 0.1358
380 0.5058 0.3652 0.129
381 0.4837 0.3934 0.1229
382 0.446 0.4337 0.1203
383 0.4034 0.4769 0.1197
384 0.3638 0.5079 0.1283
385 0.3326 0.5295 0.1379
386 0.2971 0.5472 0.1557
387 0.2701 0.5553 0.1746
388 0.2432 0.5595 0.1973
389 0.2235 0.5528 0.2237
390 0.2091 0.5227 0.2682
391 0.2117 0.478 0.3103
392 0.2143 0.4363 0.3494
393 0.2267 0.3954 0.3779
394 0.2472 0.3599 0.3929
395 0.2717 0.3117 0.4166
396 0.307 0.2851 0.4079
397 0.3412 0.2604 0.3984
398 0.3824 0.2443 0.3733
399 0.4295 0.2326 0.3379
400 0.47 0.226 0.304
401 0.5098 0.226 0.2642
402 0.533 0.2387 0.2283
403 0.5507 0.258 0.1913
404 0.5605 0.2781 0.1614
405 0.5519 0.3086 0.1395
406 0.5328 0.3367 0.1305
407 0.5128 0.3692 0.118
408 0.4715 0.4173 0.1112
409 0.4268 0.4634 0.1098
410 0.3904 0.4923 0.1173
411 0.356 0.5215 0.1225
412 0.3173 0.5504 0.1323
413 0.2874 0.5687 0.1439
414 0.2617 0.5698 0.1685
415 0.2379 0.5597 0.2024
416 0.2221 0.5491 0.2288
417 0.2121 0.5221 0.2658
418 0.2199 0.4747 0.3054
419 0.2256 0.4354 0.339
420 0.2374 0.386 0.3766
421 0.2572 0.3444 0.3984
422 0.2869 0.3126 0.4005
423 0.3163 0.2915 0.3922
424 0.3568 0.272 0.3712
425 0.3929 0.2558 0.3513
426 0.4267 0.2483 0.325
427 0.4642 0.2449 0.2909
428 0.4912 0.2523 0.2565
429 0.5103 0.2612 0.2285
430 0.5261 0.2739 0.2
431 0.5301 0.294 0.1759
432 0.527 0.3218 0.1512
433 0.5039 0.3618 0.1343
434 0.4727 0.4047 0.1226
435 0.4395 0.4435 0.117
436 0.4042 0.4764 0.1194
437 0.3647 0.5122 0.1231
438 0.3276 0.5397 0.1327
439 0.2908 0.5624 0.1468
440 0.2605 0.5697 0.1698
441 0.2454 0.5567 0.1979
442 0.2278 0.5425 0.2297
443 0.212 0.5271 0.2609
444 0.203 0.487 0.31
445 0.2094 0.4389 0.3517
446 0.2161 0.3987 0.3852
447 0.2428 0.3491 0.4081
448 0.2768 0.3079 0.4153
449 0.3115 0.278 0.4105
450 0.3472 0.2578 0.395
451 0.3942 0.2417 0.3641
452 0.4411 0.2237 0.3352
453 0.4891 0.2232 0.2877
454 0.5234 0.2259 0.2507
455 0.5407 0.2434 0.2159
456 0.5564 0.2606 0.183
457 0.5644 0.2799 0.1557
458 0.5469 0.3203 0.1328
459 0.523 0.3538 0.1232
460 0.5016 0.3863 0.1121
461 0.4628 0.4283 0.1089
462 0.4323 0.4624 0.1053
463 0.3878 0.5017 0.1105
464 0.3554 0.5221 0.1225
465 0.328 0.5351 0.1369
466 0.2896 0.5538 0.1566
467 0.266 0.5549 0.1791
468 0.2399 0.5521 0.208
469 0.2261 0.5323 0.2416
470 0.2264 0.4985 0.2751
471 0.2298 0.4578 0.3124
472 0.2384 0.4193 0.3423
473 0.2597 0.3755 0.3648
474 0.2726 0.3438 0.3836
475 0.3084 0.3163 0.3753
476 0.3433 0.2897 0.367
477 0.379 0.2694 0.3516
478 0.409 0.2682 0.3228
479 0.4483 0.2617 0.29
480 0.4722 0.2613 0.2665
481 0.5011 0.2674 0.2315
482 0.5095 0.2911 0.1994
483 0.5106 0.3139 0.1755
484 0.4988 0.347 0.1542
485 0.4818 0.3686 0.1496
486 0.4521 0.4064 0.1415
487 0.4351 0.4308 0.1341
488 0.4127 0.4561 0.1312
489 0.3811 0.4831 0.1358
490 0.3512 0.5108 0.138
491 0.3248 0.5282 0.147
492 0.2983 0.5321 0.1696
493 0.2737 0.5339 0.1924
494 0.2586 0.514 0.2274
495 0.2491 0.4913 0.2596
496 0.2511 0.4641 0.2848
497 0.2543 0.4346 0.3111
498 0.2606 0.403 0.3364
499 0.2712 0.3742 0.3546
500 0.2946 0.3383 0.3671
501 0.3168 0.318 0.3652
502 0.3393 0.3008 0.3599
503 0.3745 0.2822 0.3433
504 0.4078 0.2657 0.3265
505 0.446 0.2538 0.3002
506 0.4843 0.248 0.2677
507 0.5095 0.2497 0.2408
508 0.5243 0.269 0.2067
509 0.5331 0.2951 0.1718
510 0.5277 0.3191 0.1532
511 0.5083 0.3527 0.139
512 0.4772 0.396 0.1268
513 0.4461 0.4377 0.1162
514 0.4182 0.4634 0.1184
515 0.3824 0.4942 0.1234
516 0.3461 0.5182 0.1357
517 0.3182 0.5348 0.147
518 0.2831 0.5456 0.1713
519 0.2637 0.541 0.1953
520 0.252 0.5209 0.2271
521 0.2454 0.4996 0.255
522 0.2395 0.4724 0.2881
523 0.2435 0.4389 0.3176
524 0.2521 0.4114 0.3365
525 0.2677 0.3757 0.3566
526 0.2928 0.3456 0.3616
527 0.3197 0.3101 0.3702
528 0.3614 0.2816 0.357
529 0.3916 0.2716 0.3368
530 0.4219 0.2579 0.3202
531 0.4539 0.2598 0.2863
532 0.4886 0.2595 0.2519
533 0.5125 0.2637 0.2238
534 0.5351 0.2713 0.1936
535 0.5421 0.2922 0.1657
536 0.5334 0.318 0.1486
537 0.5135 0.3537 0.1328
538 0.482 0.3955 0.1225
539 0.4447 0.4365 0.1188
540 0.4136 0.471 0.1154
541 0.3786 0.5025 0.1189
542 0.3416 0.5341 0.1243
543 0.3043 0.5469 0.1488
544 0.2737 0.5635 0.1628
545 0.2592 0.553 0.1878
546 0.2418 0.5369 0.2213
547 0.2265 0.5155 0.258
548 0.213 0.486 0.301
549 0.2194 0.444 0.3366
550 0.2269 0.4003 0.3728
551 0.2379 0.3566 0.4055
552 0.272 0.3095 0.4185
553 0.3138 0.2664 0.4198
554 0.3589 0.2423 0.3988
555 0.416 0.2192 0.3648
556 0.4677 0.211 0.3213
557 0.507 0.2108 0.2822
558 0.5378 0.2266 0.2356
559 0.5624 0.2446 0.193
560 0.5672 0.2774 0.1554
561 0.5574 0.3072 0.1354
562 0.5413 0.3376 0.1211
563 0.5173 0.3703 0.1124
564 0.484 0.4174 0.0986
565 0.4425 0.4541 0.1034
566 0.401 0.4948 0.1042
567 0.3574 0.5273 0.1153
568 0.3107 0.5624 0.1269
569 0.2786 0.5765 0.1449
570 0.2584 0.5757 0.1659
571 0.2353 0.5618 0.2029
572 0.2247 0.5384 0.2369
573 0.217 0.5096 0.2734
574 0.2236 0.4684 0.308
575 0.2256 0.4297 0.3447
576 0.2401 0.3897 0.3702
577 0.2556 0.3511 0.3933
578 0.2839 0.3076 0.4085
579 0.3233 0.276 0.4007
580 0.3645 0.2495 0.386
581 0.4004 0.2321 0.3675
582 0.4401 0.2234 0.3365
583 0.4794 0.2226 0.298
584 0.5206 0.2234 0.256
585 0.545 0.237 0.218
586 0.5538 0.257 0.1892
587 0.5591 0.2818 0.1591
588 0.5532 0.3065 0.1403
589 0.5307 0.346 0.1233
590 0.5095 0.375 0.1155
591 0.4728 0.4169 0.1103
592 0.4375 0.4524 0.1101
593 0.399 0.4903 0.1107
594 0.3491 0.5307 0.1202
595 0.308 0.5569 0.1351
596 0.2783 0.5665 0.1552
597 0.2477 0.5715 0.1808
598 0.2317 0.5584 0.2099
599 0.2175 0.5327 0.2498
600 0.2147 0.5021 0.2832
601 0.2108 0.4628 0.3264
602 0.2154 0.416 0.3686
603 0.2309 0.3689 0.4002
604 0.2462 0.327 0.4268
605 0.2792 0.2844 0.4364
606 0.3189 0.2616 0.4195
607 0.3553 0.244 0.4007
608 0.3997 0.2307 0.3696
609 0.4519 0.2126 0.3355
610 0.4955 0.2127 0.2918
611 0.5374 0.2201 0.2425
612 0.562 0.2314 0.2066
613 0.5793 0.2444 0.1763
614 0.5752 0.2782 0.1466
615 0.558 0.3107 0.1313
616 0.5313 0.3549 0.1138
617 0.4921 0.4009 0.107
618 0.4482 0.4473 0.1045
619 0.4058 0.4894 0.1048
620 0.3637 0.5292 0.1071
621 0.32 0.5618 0.1182
622 0.2825 0.5824 0.1351
623 0.2553 0.5872 0.1575
624 0.2297 0.5789 0.1914
625 0.2151 0.5704 0.2145
626 0.2052 0.5421 0.2527
627 0.2011 0.5054 0.2935
628 0.1941 0.4628 0.3431
629 0.1998 0.4114 0.3888
630 0.2168 0.3623 0.4209
631 0.2477 0.3123 0.44
632 0.2883 0.2711 0.4406
633 0.3216 0.2425 0.4359
634 0.3711 0.2235 0.4054
635 0.4317 0.2086 0.3597
636 0.4778 0.2103 0.3119
637 0.5137 0.2151 0.2712
638 0.5505 0.2173 0.2322
639 0.5726 0.2324 0.195
640 0.5804 0.2532 0.1664
641 0.5839 0.2783 0.1378
642 0.5633 0.3151 0.1216
643 0.5328 0.3594 0.1078
644 0.5024 0.4053 0.0923
645 0.4608 0.4513 0.0879
646 0.414 0.4944 0.0916
647 0.3685 0.5334 0.0981
648 0.3223 0.5709 0.1068
649 0.2719 0.6031 0.125
650 0.2395 0.6109 0.1496
651 0.211 0.6076 0.1814
652 0.1949 0.5811 0.224
653 0.1887 0.5434 0.2679
654 0.1798 0.5064 0.3138
655 0.1869 0.4583 0.3548
656 0.2067 0.3924 0.4009
657 0.2293 0.3462 0.4245
658 0.2592 0.2945 0.4463
659 0.3047 0.2546 0.4407
660 0.3476 0.2285 0.4239
661 0.4018 0.2083 0.3899
662 0.4606 0.1965 0.3429
663 0.5114 0.1962 0.2924
664 0.5506 0.2016 0.2478
665 0.5784 0.209 0.2126
666 0.5909 0.2243 0.1848
667 0.6051 0.2417 0.1532
668 0.6005 0.2716 0.1279
669 0.5819 0.3094 0.1087
670 0.5546 0.3494 0.096
671 0.5234 0.3888 0.0878
672 0.4857 0.4312 0.0831
673 0.4417 0.4747 0.0836
674 0.3939 0.5221 0.084
675 0.3515 0.5559 0.0926
676 0.3093 0.5852 0.1055
677 0.2732 0.6001 0.1267
678 0.2445 0.6127 0.1428
679 0.2176 0.6112 0.1712
680 0.2005 0.5914 0.2081
681 0.186 0.559 0.255
682 0.1776 0.5174 0.305
683 0.18 0.4617 0.3583
684 0.1925 0.4071 0.4004
685 0.2219 0.3531 0.425
686 0.2488 0.3114 0.4398
687 0.2876 0.2625 0.4499
688 0.3289 0.229 0.4421
689 0.3806 0.2075 0.4119
690 0.4361 0.1999 0.364
691 0.4844 0.1949 0.3207
692 0.5324 0.1952 0.2724
693 0.5704 0.2008 0.2288
694 0.6001 0.2169 0.183
695 0.6004 0.2483 0.1513
696 0.5964 0.2786 0.125
697 0.5812 0.3114 0.1074
698 0.5483 0.354 0.0977
699 0.5117 0.3955 0.0928
700 0.4684 0.4464 0.0852
701 0.4256 0.4851 0.0893
702 0.38 0.5297 0.0903
703 0.3397 0.5609 0.0994
704 0.2984 0.5889 0.1127
705 0.265 0.604 0.131
706 0.2333 0.6125 0.1542
707 0.2054 0.6096 0.185
708 0.1863 0.5824 0.2313
709 0.179 0.5411 0.2799
710 0.1767 0.4929 0.3304
711 0.1827 0.4312 0.3861
712 0.1964 0.3701 0.4335
713 0.2275 0.3132 0.4593
714 0.2594 0.2701 0.4705
715 0.3113 0.2361 0.4526
716 0.3659 0.2108 0.4233
717 0.4282 0.1944 0.3774
718 0.4767 0.193 0.3303
719 0.5256 0.1958 0.2786
720 0.5689 0.2031 0.228
721 0.5924 0.2215 0.1861
722 0.6034 0.2475 0.1491
723 0.5909 0.2785 0.1306
724 0.5725 0.3176 0.1099
725 0.5423 0.3597 0.098
726 0.5132 0.3976 0.0892
727 0.4644 0.453 0.0826
728 0.4164 0.498 0.0856
729 0.3694 0.5403 0.0903
730 0.3227 0.5773 0.1
731 0.2827 0.6017 0.1156
732 0.2494 0.6176 0.133
733 0.2163 0.6223 0.1614
734 0.1898 0.607 0.2032
735 0.1739 0.5856 0.2405
736 0.1642 0.5388 0.297
737 0.1683 0.4764 0.3553
738 0.1795 0.4181 0.4024
739 0.1999 0.3575 0.4426
740 0.2335 0.3022 0.4643
741 0.2715 0.2617 0.4668
742 0.3079 0.2296 0.4625
743 0.3622 0.1977 0.4401
744 0.4382 0.1799 0.3819
745 0.4981 0.1761 0.3258
746 0.5437 0.1864 0.2699
747 0.5835 0.1985 0.218
748 0.6046 0.2166 0.1788
749 0.6102 0.2446 0.1452
750 0.6039 0.2792 0.1169
751 0.5792 0.321 0.0998
752 0.5433 0.3687 0.088
753 0.5024 0.4134 0.0842
754 0.4605 0.4618 0.0777
755 0.4108 0.5138 0.0754
756 0.3593 0.5563 0.0844
757 0.3091 0.5982 0.0927
758 0.2745 0.6198 0.1057
759 0.2388 0.634 0.1272
760 0.2047 0.6375 0.1578
761 0.1813 0.6213 0.1974
762 0.1669 0.5874 0.2457
763 0.1673 0.5423 0.2904
764 0.1636 0.4852 0.3512
765 0.1763 0.4147 0.409
766 0.1957 0.3479 0.4564
767 0.2254 0.2968 0.4778
768 0.2639 0.2515 0.4846
769 0.321 0.2133 0.4657
770 0.3823 0.1917 0.426
771 0.4574 0.1707 0.3719
772 0.519 0.1695 0.3115
773 0.5645 0.1738 0.2617
774 0.6002 0.1839 0.2159
775 0.627 0.2004 0.1726
776 0.6268 0.2305 0.1427
777 0.6211 0.2646 0.1143
778 0.6028 0.3078 0.0894
779 0.5727 0.351 0.0763
780 0.5307 0.4005 0.0688
781 0.4831 0.4536 0.0633
782 0.422 0.512 0.066
783 0.3731 0.5598 0.0671
784 0.324 0.6005 0.0755
785 0.2719 0.6414 0.0867
786 0.2311 0.6616 0.1073
787 0.2036 0.6646 0.1318
788 0.1773 0.6572 0.1655
789 0.153 0.637 0.21
790 0.145 0.5955 0.2595
791 0.1411 0.5409 0.318
792 0.1414 0.4804 0.3782
793 0.1523 0.4082 0.4395
794 0.1662 0.3446 0.4892
795 0.2 0.2825 0.5175
796 0.2421 0.2354 0.5225
797 0.3008 0.1941 0.5051
798 0.372 0.1704 0.4576
799 0.4316 0.1609 0.4075
800 0.5062 0.1605 0.3333
801 0.5539 0.1646 0.2815
802 0.6019 0.1727 0.2254
803 0.6309 0.1945 0.1746
804 0.6404 0.2224 0.1372
805 0.6356 0.2538 0.1106
806 0.6197 0.2889 0.0914
807 0.5946 0.3316 0.0738
808 0.5575 0.3812 0.0613
809 0.4987 0.448 0.0533
810 0.4306 0.5194 0.05
811 0.3655 0.5813 0.0532
812 0.3114 0.6254 0.0632
813 0.2668 0.6603 0.0729
814 0.2304 0.6814 0.0882
815 0.1926 0.6934 0.114
816 0.1659 0.684 0.1501
817 0.1458 0.6552 0.199
818 0.1369 0.6246 0.2385
819 0.1264 0.5628 0.3108
820 0.1301 0.4912 0.3787
821 0.1376 0.4133 0.4491
822 0.1549 0.3354 0.5097
823 0.1783 0.2775 0.5442
824 0.2271 0.2253 0.5476
825 0.2849 0.1805 0.5346
826 0.3542 0.1562 0.4896
827 0.4333 0.1417 0.425
828 0.5079 0.1352 0.3569
829 0.5747 0.1356 0.2897
830 0.6207 0.1481 0.2312
831 0.6534 0.1668 0.1798
832 0.6743 0.1874 0.1383
833 0.6789 0.2138 0.1073
834 0.6641 0.2476 0.0883
835 0.638 0.2929 0.0691
836 0.6056 0.3382 0.0562
837 0.5624 0.3903 0.0473
838 0.503 0.4541 0.0429
839 0.4394 0.5141 0.0465
840 0.3825 0.5665 0.051
841 0.3293 0.6115 0.0592
842 0.2875 0.6448 0.0677
843 0.2415 0.6755 0.083
844 0.2044 0.6906 0.105
845 0.1778 0.6941 0.1281
846 0.1546 0.6792 0.1662
847 0.1361 0.6417 0.2222
848 0.1308 0.5825 0.2867
849 0.1253 0.5203 0.3544
850 0.1386 0.4343 0.4271
851 0.153 0.3624 0.4846
852 0.1774 0.2979 0.5247
853 0.2187 0.2438 0.5375
854 0.269 0.2048 0.5262
855 0.324 0.1775 0.4985
856 0.3853 0.1602 0.4545
857 0.4511 0.1535 0.3954
858 0.5116 0.1428 0.3456
859 0.5827 0.1407 0.2766
860 0.6282 0.1586 0.2132
861 0.6561 0.1789 0.165
862 0.6637 0.2048 0.1315
863 0.6581 0.2416 0.1003
864 0.635 0.2836 0.0814
865 0.5991 0.3324 0.0685
866 0.551 0.3904 0.0586
867 0.4931 0.4527 0.0542
868 0.4355 0.5106 0.0539
869 0.3855 0.5596 0.0549
870 0.3299 0.6109 0.0592
871 0.2805 0.6452 0.0743
872 0.239 0.6637 0.0973
873 0.2019 0.6741 0.124
874 0.1721 0.6751 0.1528
875 0.1572 0.6507 0.1921
876 0.146 0.6164 0.2376
877 0.1427 0.5603 0.297
878 0.134 0.5093 0.3567
879 0.1363 0.4375 0.4262
880 0.15 0.3599 0.4901
881 0.17 0.296 0.534
882 0.2087 0.2301 0.5612
883 0.2626 0.1861 0.5513
884 0.3325 0.1555 0.512
885 0.4094 0.1383 0.4523
886 0.4878 0.132 0.3802
887 0.5546 0.13 0.3154
888 0.6088 0.1367 0.2545
889 0.6596 0.1482 0.1922
890 0.6859 0.1681 0.146
891 0.6897 0.1976 0.1127
892 0.6719 0.2385 0.0896
893 0.6467 0.2832 0.0701
894 0.5976 0.3381 0.0643
895 0.5473 0.3965 0.0562
896 0.493 0.4558 0.0512
897 0.4357 0.5103 0.054
898 0.3752 0.5688 0.056
899 0.3256 0.6094 0.065
900 0.2792 0.6435 0.0773
901 0.2385 0.6635 0.098
902 0.2031 0.6761 0.1208
903 0.1726 0.6754 0.152
904 0.1558 0.6579 0.1863
905 0.1417 0.6174 0.2409
906 0.1355 0.5669 0.2976
907 0.1384 0.4979 0.3637
908 0.15 0.4259 0.4241
909 0.1711 0.359 0.4699
910 0.2015 0.2921 0.5064
911 0.2366 0.2443 0.5191
912 0.2875 0.2 0.5125
913 0.3487 0.174 0.4773
914 0.4221 0.1618 0.4161
915 0.4856 0.1591 0.3553
916 0.5365 0.1572 0.3063
917 0.5802 0.1721 0.2477
918 0.6175 0.184 0.1985
919 0.6381 0.2103 0.1516
920 0.6305 0.2424 0.1271
921 0.61 0.2864 0.1036
922 0.5841 0.3238 0.0921
923 0.5503 0.3658 0.0839
924 0.5046 0.4202 0.0752
925 0.4577 0.4674 0.0749
926 0.4043 0.5186 0.0771
927 0.3612 0.555 0.0838
928 0.3152 0.5928 0.092
929 0.2691 0.6222 0.1087
930 0.2302 0.638 0.1318
931 0.2086 0.6383 0.1531
932 0.1843 0.6266 0.1891
933 0.1692 0.5998 0.231
934 0.1645 0.5522 0.2833
935 0.1652 0.4942 0.3406
936 0.1718 0.4333 0.3949
937 0.1924 0.3701 0.4375
938 0.2191 0.3139 0.467
939 0.2624 0.2657 0.4719
940 0.3117 0.2268 0.4615
941 0.3744 0.1985 0.4271
942 0.4365 0.1831 0.3804
943 0.4987 0.1772 0.3241
944 0.5455 0.1885 0.266
945 0.5733 0.1995 0.2272
946 0.598 0.2153 0.1867
947 0.6022 0.2426 0.1552
948 0.5835 0.2832 0.1333
949 0.5653 0.3221 0.1126
950 0.5395 0.3608 0.0997
951 0.4985 0.4104 0.0911
952 0.4496 0.4627 0.0877
953 0.4063 0.5059 0.0878
954 0.3697 0.5419 0.0884
955 0.3227 0.5746 0.1027
956 0.2868 0.5977 0.1155
957 0.2547 0.6106 0.1347
958 0.2183 0.6187 0.163
959 0.2006 0.6022 0.1972
960 0.1845 0.5807 0.2348
961 0.1781 0.5451 0.2768
962 0.1736 0.4993 0.3271
963 0.1778 0.4322 0.39
964 0.1981 0.3739 0.428
965 0.2197 0.3198 0.4605
966 0.2543 0.2782 0.4675
967 0.3043 0.2362 0.4595
968 0.3592 0.2062 0.4346
969 0.4096 0.1933 0.3971
970 0.4627 0.1883 0.349
971 0.5142 0.1866 0.2992
972 0.556 0.1962 0.2478
973 0.5845 0.2127 0.2028
974 0.5933 0.2413 0.1654
975 0.5904 0.2666 0.143
976 0.5864 0.2966 0.117
977 0.561 0.3389 0.1001
978 0.5302 0.3798 0.09
979 0.4846 0.43 0.0854
980 0.438 0.4778 0.0842
981 0.3893 0.5227 0.088
982 0.3441 0.563 0.0929
983 0.2975 0.6002 0.1023
984 0.2585 0.6236 0.1179
985 0.2325 0.6293 0.1382
986 0.2015 0.6335 0.165
987 0.1768 0.6197 0.2035
988 0.1588 0.5895 0.2517
989 0.1535 0.5352 0.3113
990 0.1634 0.4738 0.3628
991 0.1707 0.4094 0.4199
992 0.1909 0.3397 0.4694
993 0.2262 0.291 0.4828
994 0.2657 0.2415 0.4928
995 0.3156 0.209 0.4754
996 0.3666 0.1889 0.4445
997 0.4403 0.1713 0.3884
998 0.5012 0.1595 0.3393
999 0.566 0.1636 0.2704
