0 0.3752 0.3279 0.2969
1 0.3935 0.321 0.2855
2 0.4101 0.3142 0.2757
3 0.4255 0.3147 0.2598
4 0.4396 0.318 0.2424
5 0.4505 0.3286 0.2209
6 0.4566 0.3424 0.201
7 0.4512 0.3655 0.1833
8 0.4426 0.3811 0.1763
9 0.4301 0.3975 0.1724
10 0.4173 0.4125 0.1702
11 0.3843 0.4373 0.1784
12 0.3649 0.4504 0.1847
13 0.3545 0.453 0.1925
14 0.3302 0.46 0.2098
15 0.3208 0.4627 0.2165
16 0.3108 0.4513 0.2379
17 0.3067 0.4474 0.2459
18 0.3047 0.4395 0.2558
19 0.3045 0.4211 0.2744
20 0.3125 0.4007 0.2868
21 0.3236 0.3771 0.2993
22 0.34 0.3543 0.3057
23 0.3578 0.3383 0.3039
24 0.3713 0.3288 0.2999
25 0.3936 0.3167 0.2897
26 0.4091 0.3152 0.2757
27 0.4191 0.3184 0.2625
28 0.4385 0.3213 0.2402
29 0.4467 0.3284 0.2249
30 0.4456 0.3401 0.2143
31 0.4388 0.3495 0.2117
32 0.4387 0.362 0.1993
33 0.4378 0.3762 0.186
34 0.4256 0.3989 0.1755
35 0.3985 0.4204 0.1811
36 0.3711 0.4483 0.1806
37 0.3493 0.4657 0.185
38 0.3312 0.464 0.2048
39 0.3221 0.4602 0.2177
40 0.3047 0.4627 0.2326
41 0.2943 0.4433 0.2624
42 0.291 0.433 0.276
43 0.289 0.4146 0.2964
44 0.2992 0.3858 0.315
45 0.3193 0.3652 0.3155
46 0.3328 0.3499 0.3173
47 0.3484 0.3365 0.3151
48 0.3651 0.3215 0.3134
49 0.3891 0.3094 0.3015
50 0.4065 0.3103 0.2832
51 0.4183 0.3093 0.2724
52 0.4413 0.3136 0.2451
53 0.4539 0.3198 0.2263
54 0.4514 0.3335 0.2151
55 0.4467 0.3427 0.2106
56 0.4415 0.3552 0.2033
57 0.4347 0.3693 0.196
58 0.4203 0.3907 0.189
59 0.4035 0.4065 0.19
60 0.3865 0.421 0.1925
61 0.3767 0.4237 0.1996
62 0.3579 0.4404 0.2017
63 0.3547 0.4367 0.2086
64 0.3433 0.4431 0.2136
65 0.3321 0.4362 0.2317
66 0.3256 0.4323 0.2421
67 0.3252 0.4232 0.2516
68 0.3213 0.4155 0.2632
69 0.3218 0.3998 0.2784
70 0.3375 0.3626 0.2999
71 0.3434 0.3578 0.2988
72 0.3625 0.3407 0.2968
73 0.3848 0.3365 0.2787
74 0.3891 0.3378 0.2731
75 0.4008 0.3351 0.2641
76 0.4158 0.3358 0.2484
77 0.4249 0.3383 0.2368
78 0.4255 0.3461 0.2284
79 0.4277 0.3556 0.2167
80 0.4262 0.3652 0.2086
81 0.4192 0.3773 0.2035
82 0.4061 0.3929 0.201
83 0.3896 0.4093 0.2011
84 0.3741 0.4284 0.1975
85 0.3617 0.437 0.2013
86 0.347 0.4459 0.2071
87 0.3448 0.4397 0.2155
88 0.3413 0.4349 0.2238
89 0.3391 0.4346 0.2263
90 0.3282 0.4369 0.2349
91 0.3242 0.4305 0.2453
92 0.3367 0.4195 0.2438
93 0.3283 0.4127 0.259
94 0.3354 0.3975 0.2671
95 0.3363 0.3925 0.2712
96 0.3375 0.3883 0.2742
97 0.3502 0.3667 0.2831
98 0.3637 0.3553 0.281
99 0.381 0.346 0.273
100 0.3881 0.344 0.2679
101 0.4027 0.3371 0.2602
102 0.4166 0.3431 0.2403
103 0.4211 0.3559 0.223
104 0.4121 0.37 0.2179
105 0.406 0.3789 0.2151
106 0.4061 0.3831 0.2108
107 0.3931 0.3997 0.2072
108 0.3844 0.4093 0.2063
109 0.3707 0.4128 0.2165
110 0.3706 0.4103 0.2191
111 0.3608 0.4112 0.228
112 0.3527 0.4144 0.2329
113 0.3482 0.4061 0.2457
114 0.3487 0.4035 0.2478
115 0.3503 0.4009 0.2488
116 0.3614 0.3887 0.2499
117 0.3664 0.3822 0.2514
118 0.3851 0.3655 0.2494
119 0.393 0.3725 0.2345
120 0.3908 0.3779 0.2313
121 0.3971 0.3832 0.2197
122 0.3879 0.394 0.2181
123 0.3785 0.3986 0.2229
124 0.3797 0.3985 0.2218
125 0.3691 0.4134 0.2175
126 0.3651 0.4108 0.2241
127 0.3639 0.413 0.2231
128 0.3577 0.4153 0.227
129 0.3556 0.4131 0.2313
130 0.3566 0.4151 0.2283
131 0.3538 0.4106 0.2356
132 0.3562 0.4014 0.2424
133 0.357 0.3986 0.2444
134 0.365 0.3887 0.2463
135 0.3684 0.3736 0.258
136 0.3728 0.3678 0.2594
137 0.3717 0.3685 0.2598
138 0.3823 0.3564 0.2613
139 0.392 0.3557 0.2523
140 0.3894 0.3558 0.2548
141 0.3934 0.3583 0.2483
142 0.3962 0.356 0.2478
143 0.3953 0.358 0.2467
144 0.3941 0.3614 0.2445
145 0.3907 0.3573 0.252
146 0.3856 0.3534 0.261
147 0.4029 0.342 0.2551
148 0.4102 0.3453 0.2445
149 0.4122 0.3452 0.2426
150 0.4198 0.3543 0.2259
151 0.4111 0.3748 0.2141
152 0.4039 0.3847 0.2114
153 0.3931 0.3989 0.208
154 0.3861 0.3997 0.2142
155 0.3792 0.4048 0.216
156 0.3638 0.4226 0.2136
157 0.3641 0.4144 0.2215
158 0.3626 0.4042 0.2332
159 0.3508 0.4075 0.2417
160 0.3607 0.3916 0.2477
161 0.3668 0.3773 0.2559
162 0.367 0.3702 0.2628
163 0.3762 0.3687 0.2551
164 0.3772 0.3673 0.2555
165 0.3838 0.3661 0.2501
166 0.3878 0.3652 0.247
167 0.3938 0.3632 0.243
168 0.3998 0.3614 0.2388
169 0.3999 0.364 0.2361
170 0.402 0.3675 0.2305
171 0.3991 0.3755 0.2254
172 0.4037 0.3783 0.218
173 0.3998 0.3871 0.2131
174 0.4017 0.3895 0.2088
175 0.3971 0.3926 0.2103
176 0.3892 0.4018 0.209
177 0.3832 0.4098 0.207
178 0.3691 0.4212 0.2097
179 0.3612 0.4207 0.2181
180 0.3529 0.4282 0.2189
181 0.3494 0.4296 0.221
182 0.335 0.4388 0.2262
183 0.3291 0.4393 0.2316
184 0.3262 0.4325 0.2413
185 0.3199 0.4326 0.2475
186 0.3127 0.4277 0.2596
187 0.3104 0.4056 0.284
188 0.318 0.3818 0.3002
189 0.3222 0.3691 0.3087
190 0.3354 0.3571 0.3075
191 0.3506 0.3449 0.3045
192 0.3631 0.3332 0.3037
193 0.3853 0.316 0.2987
194 0.3999 0.3201 0.28
195 0.4102 0.3286 0.2612
196 0.4161 0.3376 0.2463
197 0.4187 0.3438 0.2375
198 0.4286 0.3477 0.2237
199 0.4198 0.3588 0.2214
200 0.429 0.3638 0.2072
201 0.4235 0.3751 0.2014
202 0.4161 0.3936 0.1903
203 0.4011 0.4143 0.1846
204 0.3874 0.425 0.1876
205 0.3584 0.4406 0.201
206 0.3448 0.445 0.2102
207 0.3347 0.4522 0.2131
208 0.3301 0.4464 0.2235
209 0.3293 0.4381 0.2326
210 0.3251 0.4277 0.2472
211 0.3309 0.4172 0.2519
212 0.3202 0.4126 0.2672
213 0.3294 0.3926 0.278
214 0.3299 0.3803 0.2898
215 0.3409 0.3621 0.297
216 0.3537 0.3521 0.2942
217 0.3664 0.3413 0.2923
218 0.3789 0.3395 0.2816
219 0.3874 0.3455 0.2671
220 0.3997 0.3416 0.2587
221 0.4029 0.344 0.2531
222 0.4115 0.3389 0.2496
223 0.4202 0.3442 0.2356
224 0.4233 0.3543 0.2224
225 0.4258 0.3635 0.2107
226 0.4197 0.3756 0.2047
227 0.412 0.3874 0.2006
228 0.4017 0.3977 0.2006
229 0.3932 0.4092 0.1976
230 0.3769 0.4239 0.1992
231 0.3584 0.4387 0.2029
232 0.3494 0.4367 0.2139
233 0.3466 0.4394 0.214
234 0.3389 0.4384 0.2227
235 0.3315 0.4407 0.2278
236 0.3283 0.4324 0.2393
237 0.3248 0.4214 0.2538
238 0.3127 0.4166 0.2707
239 0.3153 0.3979 0.2868
240 0.3217 0.379 0.2993
241 0.3323 0.3623 0.3054
242 0.3468 0.3449 0.3083
243 0.3678 0.3268 0.3054
244 0.3882 0.3194 0.2924
245 0.4058 0.3115 0.2827
246 0.4256 0.3093 0.2651
247 0.4361 0.3123 0.2516
248 0.458 0.3157 0.2263
249 0.4608 0.328 0.2112
250 0.4639 0.3405 0.1956
251 0.4457 0.3714 0.1829
252 0.4294 0.3936 0.177
253 0.4072 0.4203 0.1725
254 0.3864 0.4385 0.1751
255 0.367 0.4552 0.1778
256 0.3443 0.4626 0.1931
257 0.3327 0.463 0.2043
258 0.3183 0.4628 0.2189
259 0.3072 0.4622 0.2306
260 0.2998 0.4543 0.2459
261 0.2993 0.444 0.2567
262 0.2887 0.434 0.2773
263 0.2951 0.4092 0.2957
264 0.2909 0.393 0.3161
265 0.3023 0.3664 0.3313
266 0.3202 0.3484 0.3314
267 0.3436 0.3289 0.3275
268 0.3751 0.3098 0.3151
269 0.4015 0.2961 0.3024
270 0.4312 0.2944 0.2744
271 0.4502 0.3025 0.2473
272 0.4659 0.3045 0.2296
273 0.4709 0.317 0.2121
274 0.4708 0.3364 0.1928
275 0.4684 0.3571 0.1745
276 0.4497 0.3813 0.169
277 0.4321 0.4074 0.1605
278 0.4056 0.4313 0.1631
279 0.3794 0.4594 0.1612
280 0.3576 0.4764 0.166
281 0.3333 0.4916 0.1751
282 0.3123 0.4991 0.1886
283 0.2965 0.4934 0.2101
284 0.2804 0.4942 0.2254
285 0.2659 0.4788 0.2553
286 0.2693 0.4593 0.2714
287 0.2701 0.429 0.3009
288 0.2754 0.4 0.3246
289 0.2895 0.3739 0.3366
290 0.2978 0.3525 0.3497
291 0.3305 0.3243 0.3452
292 0.3657 0.303 0.3313
293 0.3943 0.2964 0.3093
294 0.4369 0.2859 0.2772
295 0.4589 0.2903 0.2508
296 0.4826 0.2948 0.2226
297 0.4886 0.3108 0.2006
298 0.4892 0.3279 0.1829
299 0.4765 0.3515 0.172
300 0.4545 0.3842 0.1613
301 0.4304 0.4145 0.1551
302 0.4109 0.435 0.1541
303 0.3865 0.4544 0.1591
304 0.3493 0.4828 0.1679
305 0.3262 0.4911 0.1827
306 0.3055 0.4911 0.2034
307 0.2936 0.4887 0.2177
308 0.2832 0.4744 0.2424
309 0.2836 0.4479 0.2685
310 0.29 0.4261 0.2839
311 0.2927 0.405 0.3023
312 0.3051 0.3821 0.3128
313 0.3139 0.3616 0.3245
314 0.34 0.3402 0.3198
315 0.3683 0.319 0.3127
316 0.3955 0.3044 0.3001
317 0.4163 0.3076 0.2761
318 0.4315 0.3089 0.2596
319 0.4507 0.3104 0.2389
320 0.4625 0.3191 0.2184
321 0.4648 0.3406 0.1946
322 0.4574 0.3585 0.1841
323 0.4396 0.3798 0.1806
324 0.4231 0.4 0.1769
325 0.4034 0.4201 0.1765
326 0.3797 0.4452 0.1751
327 0.3516 0.4572 0.1912
328 0.3249 0.4717 0.2034
329 0.3101 0.4686 0.2213
330 0.3046 0.4635 0.2319
331 0.3052 0.4524 0.2424
332 0.3077 0.4343 0.258
333 0.3079 0.4232 0.2689
334 0.3128 0.4042 0.283
335 0.315 0.3932 0.2918
336 0.3167 0.3735 0.3098
337 0.3394 0.3499 0.3107
338 0.3607 0.33 0.3093
339 0.3847 0.3155 0.2998
340 0.4086 0.3047 0.2867
341 0.4275 0.3027 0.2698
342 0.4434 0.3086 0.248
343 0.4579 0.3157 0.2264
344 0.4563 0.3315 0.2122
345 0.4584 0.3423 0.1993
346 0.4577 0.3577 0.1846
347 0.4385 0.3906 0.1709
348 0.4134 0.417 0.1696
349 0.3969 0.4383 0.1648
350 0.3738 0.4573 0.1689
351 0.351 0.4743 0.1747
352 0.3238 0.4863 0.1899
353 0.3029 0.4851 0.212
354 0.2993 0.475 0.2257
355 0.294 0.4712 0.2348
356 0.2857 0.4591 0.2552
357 0.2812 0.4424 0.2764
358 0.284 0.4177 0.2983
359 0.2944 0.3937 0.3119
360 0.3001 0.3693 0.3306
361 0.3111 0.3414 0.3475
362 0.3363 0.3177 0.346
363 0.3531 0.3006 0.3463
364 0.3789 0.2875 0.3336
365 0.4064 0.2782 0.3154
366 0.4296 0.2773 0.2931
367 0.4591 0.2755 0.2654
368 0.4866 0.2828 0.2306
369 0.4928 0.2957 0.2115
370 0.4964 0.3193 0.1843
371 0.4991 0.3416 0.1593
372 0.4707 0.3818 0.1475
373 0.4445 0.4138 0.1417
374 0.4247 0.4396 0.1357
375 0.3941 0.4621 0.1438
376 0.3718 0.4846 0.1436
377 0.3429 0.5009 0.1562
378 0.3214 0.513 0.1656
379 0.299 0.5179 0.1831
380 0.2773 0.519 0.2037
381 0.2608 0.5085 0.2307
382 0.2537 0.4881 0.2582
383 0.2475 0.461 0.2915
384 0.2542 0.4218 0.324
385 0.2669 0.3863 0.3468
386 0.2909 0.3422 0.3669
387 0.3152 0.314 0.3708
388 0.3461 0.291 0.3629
389 0.3736 0.2796 0.3468
390 0.4071 0.2705 0.3224
391 0.4468 0.261 0.2922
392 0.4721 0.2645 0.2634
393 0.4954 0.2734 0.2312
394 0.5142 0.2853 0.2005
395 0.5053 0.3158 0.1789
396 0.4957 0.3356 0.1687
397 0.4791 0.3645 0.1564
398 0.4563 0.3954 0.1483
399 0.4326 0.4241 0.1433
400 0.4019 0.4535 0.1446
401 0.3701 0.4781 0.1518
402 0.3385 0.4941 0.1674
403 0.3202 0.4945 0.1853
404 0.3009 0.4934 0.2057
405 0.2774 0.4964 0.2262
406 0.2726 0.4784 0.249
407 0.2618 0.4561 0.2821
408 0.2604 0.426 0.3136
409 0.2693 0.404 0.3267
410 0.2889 0.3662 0.3449
411 0.3088 0.3382 0.353
412 0.3355 0.3093 0.3552
413 0.3733 0.2909 0.3358
414 0.4034 0.2808 0.3158
415 0.4426 0.2709 0.2865
416 0.4618 0.2793 0.2589
417 0.4765 0.285 0.2385
418 0.4861 0.2962 0.2177
419 0.499 0.3077 0.1933
420 0.5018 0.3234 0.1748
421 0.5014 0.3347 0.1639
422 0.4881 0.3645 0.1474
423 0.4661 0.3916 0.1423
424 0.4352 0.4217 0.1431
425 0.4074 0.4475 0.1451
426 0.3774 0.4748 0.1478
427 0.3549 0.4895 0.1556
428 0.3265 0.5027 0.1708
429 0.3076 0.5014 0.191
430 0.296 0.501 0.203
431 0.2816 0.4888 0.2296
432 0.2847 0.4718 0.2435
433 0.2797 0.4527 0.2676
434 0.2874 0.4258 0.2868
435 0.3021 0.4086 0.2893
436 0.3069 0.3873 0.3058
437 0.3214 0.3692 0.3094
438 0.3353 0.3462 0.3185
439 0.3543 0.329 0.3167
440 0.3828 0.3137 0.3035
441 0.4099 0.2951 0.295
442 0.4353 0.3053 0.2594
443 0.454 0.3107 0.2353
444 0.4657 0.3201 0.2142
445 0.4707 0.3367 0.1926
446 0.4541 0.3634 0.1825
447 0.4317 0.3868 0.1815
448 0.4156 0.4075 0.1769
449 0.394 0.4292 0.1768
450 0.3703 0.4494 0.1803
451 0.3389 0.4664 0.1947
452 0.3201 0.4686 0.2113
453 0.31 0.46 0.23
454 0.3061 0.4535 0.2404
455 0.3063 0.4406 0.2531
456 0.3054 0.4284 0.2662
457 0.3029 0.421 0.2761
458 0.3144 0.3995 0.2861
459 0.3204 0.3822 0.2974
460 0.3334 0.3645 0.3021
461 0.353 0.3417 0.3053
462 0.3707 0.3259 0.3034
463 0.3812 0.3198 0.299
464 0.405 0.3192 0.2758
465 0.4281 0.3184 0.2535
466 0.4322 0.3288 0.239
467 0.4321 0.3458 0.2221
468 0.429 0.3587 0.2123
469 0.4289 0.3671 0.204
470 0.4179 0.3861 0.196
471 0.406 0.3984 0.1956
472 0.3931 0.4082 0.1987
473 0.3881 0.4098 0.2021
474 0.3787 0.4168 0.2045
475 0.3708 0.4255 0.2037
476 0.3578 0.429 0.2132
477 0.3494 0.4288 0.2218
478 0.3385 0.4237 0.2378
479 0.334 0.4175 0.2485
480 0.3269 0.4162 0.2569
481 0.3308 0.4039 0.2653
482 0.3343 0.3939 0.2718
483 0.3349 0.3938 0.2713
484 0.3433 0.3843 0.2724
485 0.3487 0.3756 0.2757
486 0.3666 0.3648 0.2686
487 0.3707 0.3626 0.2667
488 0.3744 0.3618 0.2638
489 0.3768 0.3589 0.2643
490 0.3847 0.362 0.2533
491 0.3903 0.369 0.2407
492 0.3947 0.3739 0.2314
493 0.3869 0.3821 0.231
494 0.3862 0.3862 0.2276
495 0.381 0.3916 0.2274
496 0.3781 0.3954 0.2265
497 0.3761 0.3918 0.2321
498 0.3713 0.3899 0.2388
499 0.3726 0.3885 0.2389
500 0.3739 0.3891 0.237
501 0.3741 0.3844 0.2415
502 0.3773 0.3901 0.2326
503 0.3714 0.3979 0.2307
504 0.3672 0.4036 0.2292
505 0.3622 0.4045 0.2333
506 0.3601 0.4027 0.2372
507 0.3635 0.3958 0.2407
508 0.3617 0.3938 0.2445
509 0.3621 0.3932 0.2447
510 0.3711 0.3835 0.2454
511 0.3767 0.3888 0.2345
512 0.3799 0.3941 0.226
513 0.3748 0.3994 0.2258
514 0.3719 0.4024 0.2257
515 0.3677 0.404 0.2283
516 0.363 0.4106 0.2264
517 0.3569 0.4157 0.2274
518 0.3457 0.42 0.2343
519 0.3499 0.4152 0.2349
520 0.3464 0.4043 0.2493
521 0.3513 0.3987 0.25
522 0.3462 0.3918 0.262
523 0.3564 0.3828 0.2608
524 0.358 0.3747 0.2673
525 0.3721 0.3689 0.259
526 0.3832 0.3589 0.2579
527 0.3863 0.3559 0.2578
528 0.3936 0.3628 0.2436
529 0.394 0.3629 0.2431
530 0.4049 0.3657 0.2294
531 0.4112 0.3615 0.2273
532 0.4162 0.3584 0.2254
533 0.4191 0.3674 0.2135
534 0.4082 0.3811 0.2107
535 0.4049 0.3859 0.2092
536 0.3999 0.3982 0.2019
537 0.392 0.4132 0.1948
538 0.3843 0.419 0.1967
539 0.3711 0.429 0.1999
540 0.3547 0.438 0.2073
541 0.342 0.432 0.226
542 0.3386 0.4207 0.2407
543 0.3468 0.411 0.2422
544 0.3406 0.4029 0.2565
545 0.3414 0.3937 0.2649
546 0.3469 0.3845 0.2686
547 0.3495 0.3773 0.2732
548 0.3563 0.3719 0.2718
549 0.3627 0.3646 0.2727
550 0.3702 0.3627 0.2671
551 0.3788 0.3581 0.2631
552 0.3894 0.3553 0.2553
553 0.3975 0.3539 0.2486
554 0.4021 0.3604 0.2375
555 0.4034 0.3663 0.2303
556 0.3984 0.383 0.2186
557 0.3941 0.388 0.2179
558 0.3856 0.4041 0.2103
559 0.3803 0.4112 0.2085
560 0.3713 0.4217 0.207
561 0.3605 0.4239 0.2156
562 0.3569 0.4176 0.2255
563 0.3473 0.416 0.2367
564 0.3495 0.4113 0.2392
565 0.3449 0.4074 0.2477
566 0.3499 0.4001 0.25
567 0.348 0.402 0.25
568 0.3471 0.3939 0.259
569 0.3513 0.3875 0.2612
570 0.3576 0.3815 0.2609
571 0.3678 0.3706 0.2616
572 0.3702 0.3676 0.2622
573 0.3796 0.3625 0.2579
574 0.3907 0.3525 0.2568
575 0.4008 0.3537 0.2455
576 0.4124 0.3504 0.2372
577 0.4133 0.3667 0.22
578 0.4124 0.3763 0.2113
579 0.4052 0.391 0.2038
580 0.3886 0.4119 0.1995
581 0.3788 0.4165 0.2047
582 0.3765 0.4225 0.201
583 0.3603 0.4378 0.2019
584 0.346 0.4407 0.2133
585 0.3308 0.4379 0.2313
586 0.3276 0.4326 0.2398
587 0.3324 0.4292 0.2384
588 0.3404 0.4127 0.2469
589 0.3448 0.4079 0.2473
590 0.3438 0.4056 0.2506
591 0.3438 0.3997 0.2565
592 0.3473 0.3901 0.2626
593 0.3501 0.3816 0.2683
594 0.3464 0.3775 0.2761
595 0.3541 0.3641 0.2818
596 0.3617 0.3545 0.2838
597 0.383 0.3436 0.2734
598 0.398 0.3416 0.2604
599 0.4056 0.3503 0.2441
600 0.4096 0.3524 0.238
601 0.42 0.3609 0.2191
602 0.4184 0.373 0.2086
603 0.4037 0.39 0.2063
604 0.3909 0.4079 0.2012
605 0.3782 0.4159 0.2059
606 0.369 0.4175 0.2135
607 0.3614 0.4159 0.2227
608 0.3541 0.4215 0.2244
609 0.347 0.4168 0.2362
610 0.3432 0.4141 0.2427
611 0.3425 0.4115 0.246
612 0.3377 0.4115 0.2508
613 0.3321 0.399 0.2689
614 0.3417 0.3925 0.2658
615 0.3537 0.3807 0.2656
616 0.3568 0.3737 0.2695
617 0.3698 0.3633 0.2669
618 0.3858 0.3535 0.2607
619 0.3968 0.3557 0.2475
620 0.4097 0.3491 0.2412
621 0.4172 0.353 0.2298
622 0.4215 0.3585 0.22
623 0.4222 0.3713 0.2065
624 0.4184 0.3843 0.1973
625 0.4015 0.4036 0.1949
626 0.3869 0.4127 0.2004
627 0.3766 0.4242 0.1992
628 0.3694 0.4308 0.1998
629 0.3508 0.44 0.2092
630 0.3446 0.4371 0.2183
631 0.3453 0.4252 0.2295
632 0.3429 0.4263 0.2308
633 0.3395 0.4223 0.2382
634 0.3444 0.4131 0.2425
635 0.3368 0.41 0.2532
636 0.334 0.4058 0.2602
637 0.3374 0.4033 0.2593
638 0.3311 0.4056 0.2633
639 0.3339 0.3975 0.2686
640 0.3393 0.3854 0.2753
641 0.3481 0.3729 0.279
642 0.3594 0.3658 0.2748
643 0.3713 0.3565 0.2722
644 0.3859 0.3565 0.2576
645 0.3908 0.3555 0.2537
646 0.3895 0.361 0.2495
647 0.3855 0.3625 0.252
648 0.3939 0.36 0.2461
649 0.3974 0.3617 0.2409
650 0.3995 0.3675 0.233
651 0.4128 0.3711 0.2161
652 0.4125 0.3714 0.2161
653 0.3987 0.389 0.2123
654 0.3967 0.3931 0.2102
655 0.3853 0.4067 0.208
656 0.3802 0.411 0.2088
657 0.3721 0.4168 0.2111
658 0.3672 0.4156 0.2172
659 0.3582 0.4217 0.2201
660 0.3469 0.4212 0.2319
661 0.3465 0.4188 0.2347
662 0.3375 0.4152 0.2473
663 0.3365 0.4065 0.257
664 0.3401 0.3933 0.2666
665 0.3489 0.3806 0.2705
666 0.3595 0.3738 0.2667
667 0.3781 0.3502 0.2717
668 0.3895 0.3493 0.2612
669 0.3947 0.3548 0.2505
670 0.4051 0.3546 0.2403
671 0.4156 0.3449 0.2395
672 0.4217 0.3506 0.2277
673 0.4212 0.3632 0.2156
674 0.4234 0.3722 0.2044
675 0.4123 0.3873 0.2004
676 0.4056 0.3895 0.2049
677 0.3994 0.4018 0.1988
678 0.3982 0.4032 0.1986
679 0.3855 0.4142 0.2003
680 0.3816 0.4173 0.2011
681 0.3712 0.4296 0.1992
682 0.3637 0.4318 0.2045
683 0.3542 0.4326 0.2132
684 0.3448 0.4321 0.2231
685 0.3374 0.4336 0.229
686 0.3338 0.4255 0.2407
687 0.3379 0.4142 0.2479
688 0.332 0.407 0.261
689 0.3432 0.3853 0.2715
690 0.3462 0.3749 0.2789
691 0.3581 0.3609 0.281
692 0.3692 0.3549 0.2759
693 0.368 0.3526 0.2794
694 0.3807 0.3442 0.2751
695 0.3966 0.3339 0.2695
696 0.3998 0.3345 0.2657
697 0.4147 0.3376 0.2477
698 0.4133 0.3408 0.2459
699 0.4223 0.344 0.2337
700 0.423 0.3534 0.2236
701 0.4154 0.3736 0.211
702 0.4089 0.3878 0.2033
703 0.3952 0.4017 0.2031
704 0.3784 0.4198 0.2018
705 0.3765 0.4248 0.1987
706 0.3718 0.4317 0.1965
707 0.3587 0.4383 0.203
708 0.3449 0.4475 0.2076
709 0.3317 0.4522 0.2161
710 0.3218 0.4496 0.2286
711 0.3059 0.4471 0.247
712 0.3037 0.4371 0.2592
713 0.3014 0.4287 0.2699
714 0.3101 0.408 0.2819
715 0.3238 0.3825 0.2937
716 0.3362 0.3632 0.3006
717 0.3419 0.3524 0.3057
718 0.3651 0.3282 0.3067
719 0.3873 0.3174 0.2953
720 0.4117 0.3124 0.2759
721 0.431 0.3159 0.2531
722 0.4525 0.3143 0.2332
723 0.4523 0.3344 0.2133
724 0.4462 0.3499 0.2039
725 0.4419 0.3622 0.1959
726 0.436 0.3749 0.1891
727 0.4245 0.3826 0.1929
728 0.414 0.3964 0.1896
729 0.4015 0.4103 0.1882
730 0.3891 0.4247 0.1862
731 0.3777 0.4379 0.1844
732 0.3568 0.4538 0.1894
733 0.3456 0.4532 0.2012
734 0.3327 0.4524 0.2149
735 0.3233 0.4465 0.2302
736 0.3196 0.4341 0.2463
737 0.3137 0.4304 0.2559
738 0.3105 0.4134 0.2761
739 0.3069 0.404 0.2891
740 0.3156 0.3827 0.3017
741 0.3341 0.3563 0.3096
742 0.3511 0.3442 0.3047
743 0.3645 0.3326 0.3029
744 0.3835 0.3223 0.2942
745 0.4053 0.3095 0.2852
746 0.4242 0.3044 0.2714
747 0.4432 0.311 0.2458
748 0.451 0.3258 0.2232
749 0.4548 0.3371 0.2081
750 0.4533 0.3531 0.1936
751 0.4414 0.3803 0.1783
752 0.4285 0.4053 0.1662
753 0.4007 0.4357 0.1636
754 0.3766 0.4528 0.1706
755 0.3617 0.458 0.1803
756 0.3453 0.4695 0.1852
757 0.3398 0.4711 0.1891
758 0.3141 0.4799 0.206
759 0.3056 0.4738 0.2206
760 0.3032 0.4542 0.2426
761 0.2948 0.4463 0.2589
762 0.297 0.4314 0.2716
763 0.3063 0.4138 0.2799
764 0.306 0.4022 0.2918
765 0.3228 0.3794 0.2978
766 0.3284 0.3665 0.3051
767 0.3467 0.3501 0.3032
768 0.362 0.331 0.307
769 0.3821 0.3206 0.2973
770 0.3958 0.3205 0.2837
771 0.4169 0.3162 0.2669
772 0.4219 0.3209 0.2572
773 0.4306 0.3299 0.2395
774 0.4353 0.3512 0.2135
775 0.4218 0.3681 0.2101
776 0.4197 0.375 0.2053
777 0.4132 0.4 0.1868
778 0.3953 0.4226 0.1821
779 0.3751 0.4351 0.1898
780 0.365 0.4407 0.1943
781 0.3404 0.4524 0.2072
782 0.3316 0.4488 0.2196
783 0.3224 0.4446 0.233
784 0.3176 0.4365 0.2459
785 0.3177 0.4137 0.2686
786 0.3153 0.4108 0.2739
787 0.3189 0.3967 0.2844
788 0.3192 0.3862 0.2946
789 0.3433 0.3591 0.2976
790 0.3567 0.3446 0.2987
791 0.3794 0.3343 0.2863
792 0.3923 0.3247 0.283
793 0.4141 0.3169 0.269
794 0.4266 0.314 0.2594
795 0.4413 0.3139 0.2448
796 0.4404 0.3281 0.2315
797 0.4481 0.3288 0.2231
798 0.448 0.3442 0.2078
799 0.4355 0.3639 0.2006
800 0.4211 0.3835 0.1954
801 0.4124 0.4013 0.1863
802 0.3974 0.4207 0.1819
803 0.3822 0.4347 0.1831
804 0.3733 0.4417 0.185
805 0.3586 0.4476 0.1938
806 0.3402 0.4538 0.206
807 0.3264 0.4513 0.2223
808 0.3217 0.4452 0.2331
809 0.3162 0.4411 0.2427
810 0.3122 0.4302 0.2576
811 0.315 0.419 0.266
812 0.3215 0.4015 0.277
813 0.3346 0.3786 0.2868
814 0.3455 0.3681 0.2864
815 0.3578 0.3538 0.2884
816 0.3733 0.3405 0.2862
817 0.3938 0.3375 0.2687
818 0.4045 0.3362 0.2593
819 0.4182 0.3354 0.2464
820 0.4255 0.3367 0.2378
821 0.4308 0.3433 0.2259
822 0.4307 0.3524 0.2169
823 0.4223 0.3661 0.2116
824 0.4254 0.3675 0.2071
825 0.4141 0.3797 0.2062
826 0.3992 0.3974 0.2034
827 0.3921 0.4033 0.2046
828 0.3868 0.4134 0.1998
829 0.3721 0.4357 0.1922
830 0.3552 0.4365 0.2083
831 0.3447 0.4461 0.2092
832 0.3283 0.4541 0.2176
833 0.3148 0.4439 0.2413
834 0.3155 0.4294 0.2551
835 0.3126 0.4198 0.2676
836 0.3179 0.4059 0.2762
837 0.3229 0.3978 0.2793
838 0.3284 0.3842 0.2874
839 0.3373 0.3745 0.2882
840 0.3518 0.359 0.2892
841 0.3636 0.3495 0.2869
842 0.3823 0.3315 0.2862
843 0.3961 0.3245 0.2794
844 0.4139 0.3264 0.2597
845 0.4266 0.3294 0.244
846 0.4345 0.3325 0.233
847 0.4291 0.3544 0.2165
848 0.4259 0.3681 0.206
849 0.4214 0.3811 0.1975
850 0.4153 0.3937 0.191
851 0.3945 0.4079 0.1976
852 0.3854 0.4124 0.2022
853 0.3825 0.4119 0.2056
854 0.3725 0.423 0.2045
855 0.3692 0.4247 0.2061
856 0.3507 0.4343 0.215
857 0.337 0.4357 0.2273
858 0.3187 0.4375 0.2438
859 0.3208 0.4215 0.2577
860 0.3237 0.4069 0.2694
861 0.3277 0.3976 0.2747
862 0.3323 0.3823 0.2854
863 0.3471 0.3642 0.2887
864 0.355 0.3534 0.2916
865 0.3711 0.34 0.2889
866 0.3829 0.3393 0.2778
867 0.3916 0.3336 0.2748
868 0.4048 0.3375 0.2577
869 0.4188 0.336 0.2452
870 0.4296 0.3377 0.2327
871 0.4316 0.3517 0.2167
872 0.4359 0.3588 0.2053
873 0.4319 0.37 0.1981
874 0.4278 0.3827 0.1895
875 0.4088 0.4034 0.1878
876 0.3923 0.4135 0.1942
877 0.3782 0.424 0.1978
878 0.3753 0.42 0.2047
879 0.3616 0.4313 0.2071
880 0.3512 0.4326 0.2162
881 0.3464 0.4363 0.2173
882 0.3423 0.4297 0.228
883 0.3363 0.4246 0.2391
884 0.3305 0.418 0.2515
885 0.3341 0.4026 0.2633
886 0.3382 0.3991 0.2627
887 0.3396 0.3864 0.274
888 0.3485 0.3749 0.2766
889 0.3543 0.3629 0.2828
890 0.3715 0.3526 0.2759
891 0.3809 0.346 0.2731
892 0.3927 0.348 0.2593
893 0.4068 0.3415 0.2517
894 0.4106 0.3412 0.2482
895 0.4248 0.3447 0.2305
896 0.4238 0.3597 0.2165
897 0.4222 0.3681 0.2097
898 0.4215 0.3781 0.2004
899 0.4183 0.386 0.1957
900 0.4129 0.4012 0.1859
901 0.388 0.4245 0.1875
902 0.3676 0.4463 0.1861
903 0.3616 0.4546 0.1838
904 0.342 0.4736 0.1844
905 0.3262 0.4775 0.1963
906 0.3046 0.482 0.2134
907 0.2903 0.4801 0.2296
908 0.2826 0.4611 0.2563
909 0.2776 0.4473 0.2751
910 0.2836 0.4206 0.2958
911 0.2927 0.395 0.3123
912 0.3079 0.3712 0.3209
913 0.323 0.3504 0.3266
914 0.3419 0.3335 0.3246
915 0.3671 0.3195 0.3134
916 0.3888 0.3078 0.3034
917 0.4153 0.302 0.2827
918 0.431 0.3033 0.2657
919 0.4446 0.314 0.2414
920 0.4588 0.3212 0.22
921 0.4634 0.333 0.2036
922 0.4503 0.3521 0.1976
923 0.4392 0.3734 0.1874
924 0.4329 0.3882 0.1789
925 0.4145 0.4053 0.1802
926 0.395 0.428 0.177
927 0.3716 0.4467 0.1817
928 0.3492 0.4588 0.192
929 0.3326 0.4679 0.1995
930 0.3109 0.4759 0.2132
931 0.2981 0.4704 0.2315
932 0.2924 0.4618 0.2458
933 0.2858 0.4462 0.268
934 0.2967 0.4078 0.2955
935 0.3093 0.3867 0.304
936 0.3201 0.368 0.3119
937 0.3453 0.3494 0.3053
938 0.3595 0.3414 0.2991
939 0.3759 0.3365 0.2876
940 0.3917 0.3339 0.2744
941 0.4106 0.3372 0.2522
942 0.4147 0.3495 0.2358
943 0.409 0.3581 0.2329
944 0.4159 0.3623 0.2218
945 0.4135 0.3734 0.2131
946 0.4113 0.3785 0.2102
947 0.4053 0.3919 0.2028
948 0.4044 0.3958 0.1998
949 0.3911 0.4054 0.2035
950 0.394 0.4097 0.1963
951 0.3837 0.4213 0.195
952 0.3693 0.4271 0.2036
953 0.355 0.4362 0.2088
954 0.3468 0.4391 0.2141
955 0.3326 0.4413 0.2261
956 0.3203 0.4425 0.2372
957 0.3227 0.4351 0.2422
958 0.3213 0.4267 0.252
959 0.3207 0.4223 0.257
960 0.3181 0.4185 0.2634
961 0.3204 0.4008 0.2788
962 0.3218 0.3954 0.2828
963 0.3237 0.3822 0.2941
964 0.3337 0.3644 0.3019
965 0.341 0.3558 0.3032
966 0.3596 0.3409 0.2995
967 0.3801 0.3286 0.2913
968 0.3993 0.3275 0.2732
969 0.4056 0.3382 0.2562
970 0.4143 0.3454 0.2403
971 0.4267 0.3455 0.2278
972 0.4305 0.3501 0.2194
973 0.4341 0.3555 0.2104
974 0.4286 0.3723 0.1991
975 0.4295 0.3808 0.1897
976 0.4118 0.3982 0.19
977 0.4123 0.3977 0.19
978 0.3963 0.4159 0.1878
979 0.3825 0.4239 0.1936
980 0.3641 0.4375 0.1984
981 0.3525 0.445 0.2025
982 0.3456 0.442 0.2124
983 0.3383 0.4362 0.2255
984 0.3393 0.4302 0.2305
985 0.3409 0.4181 0.241
986 0.3321 0.416 0.2519
987 0.3276 0.4077 0.2647
988 0.3204 0.3989 0.2807
989 0.3174 0.3921 0.2905
990 0.3274 0.3771 0.2955
991 0.3401 0.3611 0.2988
992 0.3603 0.3439 0.2958
993 0.3754 0.3239 0.3007
994 0.3975 0.317 0.2855
995 0.4027 0.321 0.2763
996 0.4235 0.3219 0.2546
997 0.4404 0.3252 0.2344
998 0.4549 0.3238 0.2213
999 0.4513 0.3374 0.2113
