0 0.32 0.21 0.47
0.1 0.3263976683114328 0.20965018720221532 0.4639521444863519
0.2 0.3327956129464992 0.2094082776822357 0.45779610937126514
0.30000000000000004 0.33918495441596663 0.209274598283217 0.4515404473008163
0.4 0.34555662994999026 0.20924948070718175 0.445193889342828
0.5 0.3519014240702093 0.2093332616612725 0.43876531426851817
0.6 0.35821000043425344 0.20952628277055027 0.43226371679519626
0.7 0.3644729347060109 0.20982889025153026 0.42569817504245877
0.7999999999999999 0.3706807481928904 0.2102414343413232 0.4190778174657864
0.8999999999999999 0.37682394198298924 0.210764268477977 0.4124117895390337
0.9999999999999999 0.3828930313107173 0.21139774822839355 0.4057092204608892
1.0999999999999999 0.3888785798790839 0.21214222996103274 0.39897919015988337
1.2 0.39477123387050594 0.2129980692615126 0.39223069686798145
1.3 0.40056175538551453 0.2139656190901712 0.38547262552431427
1.4000000000000001 0.40624105505992814 0.2150452276816766 0.37871371725839525
1.5000000000000002 0.4118002236256244 0.21623723618785473 0.37196254018652086
1.6000000000000003 0.41723056219763494 0.21754197606605186 0.36522746173631326
1.7000000000000004 0.4225236110904836 0.2189597662165603 0.35851662269295614
1.8000000000000005 0.4276711769890359 0.22049090987390887 0.35183791313705526
1.9000000000000006 0.43266535832312497 0.22213569125815372 0.3451989504187213
2.0000000000000004 0.4374985687203649 0.2238943719936971 0.33860705928593793
2.1000000000000005 0.44216355843733707 0.22576718730460782 0.33206925425805506
2.2000000000000006 0.44665343369523786 0.22775434199691136 0.32559222430785073
2.3000000000000007 0.4509616738716292 0.22985600623985708 0.3191823198885137
2.400000000000001 0.455082146524686 0.23207231115974422 0.3128455423155698
2.500000000000001 0.4590091202498908 0.23440334426149118 0.306587535488618
2.600000000000001 0.4627372753911319 0.23684914469475396 0.3004135799141142
2.700000000000001 0.46626171264831817 0.23940969838302878 0.29432858896865305
2.800000000000001 0.4695779596417105 0.2420849330357981 0.28833710732249146
2.9000000000000012 0.47268197550899643 0.244874713065386 0.2824433114256176
3.0000000000000013 0.47557015362460336 0.24777883443176346 0.27665101194363323
3.1000000000000014 0.4782393225417979 0.2507970194400685 0.2709636580181336
3.2000000000000015 0.48068674526675514 0.25392891151706753 0.2653843432161773
3.3000000000000016 0.48291011698006053 0.2571740699941606 0.25991581302577893
3.4000000000000017 0.4849075613251214 0.2605319649258063 0.2545604737490722
3.5000000000000018 0.48667762538485504 0.26400197197339703 0.24932040264174793
3.600000000000002 0.48821927346794997 0.26758336738562294 0.24419735914642704
3.700000000000002 0.4895318798241666 0.27127532310721436 0.23919279706861907
3.800000000000002 0.49061522040475525 0.2750769020486175 0.23430787754662724
3.900000000000002 0.49146946377935463 0.27898705354962355 0.22954348267102181
4.000000000000002 0.4920951613149184 0.2830046090702171 0.22490022961486456
4.100000000000001 0.49249323671552514 0.2871282781419152 0.22037848514255964
4.200000000000001 0.49266497501459205 0.29135664461262245 0.2159783803727855
4.300000000000001 0.492612011103237 0.2956881632175095 0.21169982567925344
4.4 0.4923363178705298 0.3001211565076284 0.20754252562184183
4.5 0.4918401940233183 0.3046538121668902 0.20350599380979145
4.6 0.49112625164538193 0.3092841807466498 0.19958956760796825
4.699999999999999 0.49019740354799834 0.31401017384546176 0.1957924226065399
4.799999999999999 0.48905685045673924 0.31882956275959223 0.19211358678366858
4.899999999999999 0.4877080680725389 0.32373997762760137 0.18855195429985966
4.999999999999998 0.48615479403889694 0.32873890708975423 0.18510629887134883
5.099999999999998 0.4844010148415399 0.33382369848019067 0.18177528667826948
5.1999999999999975 0.4824509526620287 0.33899155856670515 0.1785574887712662
5.299999999999997 0.4803090522026767 0.34423955484967256 0.17545139294765072
5.399999999999997 0.477979967496752 0.34956461742813766 0.17245541507511036
5.4999999999999964 0.47546854871526345 0.3549635414373884 0.16956790984734815
5.599999999999996 0.47277982897965587 0.3604329900584924 0.16678718096185174
5.699999999999996 0.4699190111884239 0.36596949809632867 0.1641114907152474
5.799999999999995 0.46689145486495837 0.37156947611863045 0.16153906901641124
5.899999999999995 0.46370266303380225 0.37722921514451174 0.159068121821686
5.999999999999995 0.46035826913285405 0.3829448918669248 0.15669683900022113
6.099999999999994 0.45686402396985304 0.3887125743895305 0.15442340164061646
6.199999999999994 0.4532257827326327 0.39452822845460167 0.15224598881276563
6.299999999999994 0.4494494920640699 0.40038772413487056 0.15016278380105952
6.399999999999993 0.445541177214312 0.40628684295871004 0.14817197982697788
6.499999999999993 0.44150692928465596 0.4122212854347536 0.14627178528059043
6.5999999999999925 0.43735289257931853 0.4181866789390437 0.14446042848163776
6.699999999999992 0.4330852520832017 0.4241785859250903 0.14273616199170802
6.799999999999992 0.4287102210855618 0.4301925124148519 0.14109726649958632
6.8999999999999915 0.4242340289711798 0.4362239167266474 0.1395420543021728
6.999999999999991 0.41966290920214927 0.4422682183943891 0.13806887240346155
7.099999999999991 0.4150030875147033 0.4483208072313172 0.13667610525397955
7.19999999999999 0.41026077035655817 0.4543770524906181 0.13536217715282373
7.29999999999999 0.40544213359102693 0.4604323120749385 0.1341255543340345
7.39999999999999 0.4005533114946259 0.4664819417468535 0.1329647467585206
7.499999999999989 0.3956003860750536 0.4725213042928177 0.13187830963212865
7.599999999999989 0.3905893767362463 0.4785457785940007 0.130864844669753
7.699999999999989 0.3855262303167175 0.48455076855867507 0.12992300112460742
7.799999999999988 0.3804168115265658 0.4905317118724611 0.1290514766009731
7.899999999999988 0.37526689380740513 0.4964840885247163 0.1282490176678786
7.999999999999988 0.37008215063804767 0.5024034290716562 0.12751442029029614
8.099999999999987 0.364868147307074 0.5082853225993779 0.12684653009354807
8.199999999999987 0.3596303331714851 0.5141254243527922 0.12624424247572275
8.299999999999986 0.354374034418472 0.5199194629995205 0.12570650258200744
8.399999999999986 0.3491044473450006 0.5256632475010294 0.12523230515396988
8.499999999999986 0.3438266321674127 0.5313526735666413 0.124820694265946
8.599999999999985 0.33854550737063854 0.5369837296695079 0.1244707629598536
8.699999999999985 0.333265844603925 0.5425525026071502 0.1241816527889249
8.799999999999985 0.3279922641272469 0.5480551825926941 0.12395255328005894
8.899999999999984 0.3227292308098215 0.553488067866452 0.12378270132372649
8.999999999999984 0.31748105067941707 0.5588475688209561 0.12367138049962689
9.099999999999984 0.3122518680184708 0.5641302116359364 0.12361792034559282
9.199999999999983 0.3070456630004348 0.5693326414229948 0.12362169557657043
9.299999999999983 0.3018662498572763 0.5744516248828606 0.12368212525986311
9.399999999999983 0.2967172755667003 0.5794840524810727 0.12379867195222705
9.499999999999982 0.2916022190454475 0.5844269401507179 0.12397084080383458
9.599999999999982 0.2865243908329769 0.5892774305334376 0.12419817863358551
9.699999999999982 0.28148693324797824 0.594032793772284 0.12448027297973774
9.799999999999981 0.2764928209984824 0.5986904278721572 0.12481675112936041
9.89999999999998 0.2715448622248683 0.603247858645472 0.12520727912965968
9.99999999999998 0.2666456999537889 0.6077027392623902 0.1256515607838209
10.09999999999998 0.2617978139399764 0.6120528494264067 0.12614933663361694
10.19999999999998 0.257003522872025 0.6162960941973016 0.12670038293067343
10.29999999999998 0.2522649869175901 0.6204305024844592 0.12730451059795067
10.399999999999979 0.24758421058298138 0.624454225234335 0.12796156418268356
10.499999999999979 0.24296304586185258 0.6283655333364075 0.12867142080173988
10.599999999999978 0.23840319564759774 0.6321628152723139 0.1294339890800884
10.699999999999978 0.23390621738414136 0.6358445745330353 0.13024920808282336
10.799999999999978 0.22947352693004458 0.6394094268289886 0.13111704624096687
10.899999999999977 0.225106402611232 0.6428560971177034 0.13203750027106465
10.999999999999977 0.220805989438159 0.6461834164734418 0.13301059408839921
11.099999999999977 0.21657330346387538 0.6493903188226505 0.1340363777134741
11.199999999999976 0.21240923626018346 0.6524758375685535 0.13511492617126297
11.299999999999976 0.20831455948992425 0.6554391021274976 0.13624633838257816
11.399999999999975 0.20428992955434094 0.658279334398878 0.13743073604678102
11.499999999999975 0.20033589229545093 0.660995845189605 0.13866826251494413
11.599999999999975 0.19645288773439407 0.6635880306131354 0.1399590816524705
11.699999999999974 0.1926412548278028 0.6660553684821111 0.14130337669008608
11.799999999999974 0.18890123622534927 0.6683974147126112 0.14270134906203957
11.899999999999974 0.1852329830127528 0.6706137997569691 0.14415321723027807
11.999999999999973 0.18163655942567072 0.6727042250810229 0.1456592154933064
12.099999999999973 0.17811194752103432 0.6746684597005744 0.14721959277839125
12.199999999999973 0.17465905179352456 0.6765063367907423 0.14883461141573306
12.299999999999972 0.17127770372599893 0.6782177503808023 0.15050454589319873
12.399999999999972 0.16796766626377677 0.6798026521460332 0.15222968159019
12.499999999999972 0.1647286382037578 0.6812610483070293 0.1540103134892129
12.599999999999971 0.161560258490385 0.6825929966459053 0.15584674486370964
12.69999999999997 0.15846211041146105 0.6837986036478124 0.1577392859407265
12.79999999999997 0.15543372568778638 0.6848780217752086 0.15968825253700503
12.89999999999997 0.15247458845150186 0.6858314468813863 0.16169396466711183
12.99999999999997 0.14958413910888932 0.6866591157688532 0.16375674512225746
13.09999999999997 0.14676177808420554 0.6873613038972958 0.1658769180184987
13.199999999999969 0.14400686944190041 0.6879383232450262 0.16805480731307332
13.299999999999969 0.14131874438529565 0.6883905203270232 0.17029073528768113
13.399999999999968 0.13869670463047795 0.688718274371927 0.1725850209975951
13.499999999999968 0.1361400256547891 0.6889219956596374 0.17493797868557348
13.599999999999968 0.1336479598198763 0.6890021240204879 0.1773499161596358
13.699999999999967 0.1312197393697995 0.6889591274963327 0.17982113313386783
13.799999999999967 0.1288545793051816 0.6887935011632812 0.18235191953153718
13.899999999999967 0.12655168013482937 0.6885057661152442 0.1849425537499264
13.999999999999966 0.12431023050665571 0.6880964686069203 0.187593300886424
14.099999999999966 0.12212940972009234 0.687566179354344 0.1903044109255636
14.199999999999966 0.1200083901225037 0.6869154929906361 0.1930761168868601
14.299999999999965 0.1179463393923961 0.6861450276741446 0.19590863293345928
14.399999999999965 0.11594242271246472 0.685255424845735 0.19880215244180033
14.499999999999964 0.11399580483573625 0.6842473491315777 0.20175684603268607
14.599999999999964 0.11210565204824978 0.6831214883873946 0.20477285956435565
14.699999999999964 0.11027113403187296 0.6818785538797526 0.20785031208837446
14.799999999999963 0.10849142563097977 0.6805192805996382 0.21098929376938202
14.899999999999963 0.10676570852681883 0.6790444277032037 0.2141898637699775
14.999999999999963 0.10509317282348163 0.6774547790742476 0.2174520481022708
15.099999999999962 0.10347301854943951 0.6757511440026702 0.2207758374478903
15.199999999999962 0.10190445707865738 0.6739343579728403 0.22416118494850235
15.299999999999962 0.10038671247531462 0.6720052835555022 0.22760800396918324
15.399999999999961 0.09891902276616943 0.6699648113965646 0.23111616583726602
15.499999999999961 0.09750064114459438 0.6678138612958228 0.2346854975595829
15.59999999999996 0.09613083711028961 0.6655533833683849 0.23831577952132554
15.69999999999996 0.09480889754864678 0.6631843592813037 0.24200674317004955
15.79999999999996 0.09353412775369317 0.6607078035576409 0.2457580686886659
15.89999999999996 0.09230585239849269 0.6581247649399367 0.2495693826615707
15.99999999999996 0.09112341645681929 0.6554363278047978 0.2534402557383829
16.09999999999996 0.08998618607984998 0.6526436136200761 0.25737020030007396
16.19999999999996 0.08889354943154998 0.6497477824358688 0.26135866813258124
16.29999999999996 0.08784491748634199 0.6467500344003487 0.2654050481133092
16.399999999999963 0.08683972479256666 0.6436516112912138 0.2695086639162195
16.499999999999964 0.08587743020515119 0.6404537980533502 0.2736687717414986
16.599999999999966 0.08495751759080979 0.6371579243331131 0.27788455807607704
16.699999999999967 0.0840794965090023 0.633765365999465 0.28215513749153276
16.79999999999997 0.08324290287177741 0.6302775466420639 0.2864795504861587
16.89999999999997 0.08244729958552292 0.6266959390362731 0.29085676137820404
16.99999999999997 0.0816922771775401 0.6230220665649611 0.2952856562574988
17.099999999999973 0.08097745441024928 0.6192575045868998 0.29976504100285095
17.199999999999974 0.08030247888572245 0.615403881741525 0.30429363937275244
17.299999999999976 0.07966702764312315 0.6114628811798277 0.3088700911770491
17.399999999999977 0.0790708077515159 0.6074362417111763 0.31349295053730786
17.49999999999998 0.07851355690038504 0.603325758855952 0.31816068424366295
17.59999999999998 0.07799504399007744 0.599133285793999 0.32287167021592356
17.69999999999998 0.07751506972425236 0.5948607341990612 0.32762419607668647
17.799999999999983 0.077073467206287 0.5905100749495954 0.33241645784411766
17.899999999999984 0.07667010254144413 0.5860833387066272 0.33724655875192866
17.999999999999986 0.07630487544646139 0.581582616349636 0.3421125082039026
18.099999999999987 0.07597771986806595 0.5770100592618461 0.3470122208700879
18.19999999999999 0.07568860461175556 0.5723678794567398 0.35194351593150464
18.29999999999999 0.07543753398201417 0.567658349538114 0.35690411647987186
18.39999999999999 0.07522454843494755 0.5628838024865629 0.3618916490784896
18.499999999999993 0.07504972524412992 0.5580466312658984 0.36690364348997173
18.599999999999994 0.07491317918024534 0.5531492882437018 0.3719375325760529
18.699999999999996 0.07481506320488622 0.5481942844209506 0.3769906523741632
18.799999999999997 0.07475556917863414 0.5431841884664672 0.38206024235489866
18.9 0.07473492858329414 0.5381216255527972 0.3871434458639087
19.0 0.07475341325788 0.5330092759910434 0.3922373107510766
19.1 0.07481133614765505 0.5278498736631437 0.39733879018920126
19.200000000000003 0.0749090520652164 0.5226462042510941 0.40244474368368954
19.300000000000004 0.07504695846227095 0.5174011032636693 0.4075519382740598
19.400000000000006 0.07522549621038463 0.5121174538622811 0.4126570499273342
19.500000000000007 0.07544515038859276 0.5067981844887304 0.41775666512267684
19.60000000000001 0.07570645107533477 0.5014462662987443 0.42284728262592086
19.70000000000001 0.07600997414172025 0.496064710406344 0.42792531545193574
19.80000000000001 0.07635634204264344 0.49065656494524246 0.43298709301211413
19.900000000000013 0.0767462246017367 0.4852249119546279 0.43802886344363534
20.000000000000014 0.07718033978559016 0.47977286409782716 0.4430467961165827
20.100000000000016 0.07765945446206049 0.4743035612234662 0.44803698431447336
20.200000000000017 0.07818438513684775 0.4688201667798313 0.45299544808332093
20.30000000000002 0.07875599866183126 0.4633258640941834 0.45791813724398533
20.40000000000002 0.07937521290792433 0.4578238525297743 0.4628009345623013
20.50000000000002 0.08004299739443128 0.45231734353425035 0.4676396590713183
20.600000000000023 0.0807603738660685 0.4468095565939971 0.4724300695399344
20.700000000000024 0.08152841680794401 0.44130371510976596 0.47716786808229006
20.800000000000026 0.0823482538878774 0.43580304220962623 0.4818487039024964
20.900000000000027 0.08322106631448548 0.43031075651589357 0.486468177169621
21.00000000000003 0.08414808909845939 0.42483006788319005 0.49102184301835056
21.10000000000003 0.08513061120342053 0.41936417312519103 0.4955052156713885
21.20000000000003 0.08616997557166622 0.41391625174789604 0.4999137726804377
21.300000000000033 0.08726757900900953 0.40848946170743133 0.5042429592835591
21.400000000000034 0.0884248719117835 0.403086935210438 0.5084881928777785
21.500000000000036 0.0896433578179285 0.3977117745750257 0.5126448676070458
21.600000000000037 0.09092459276291832 0.39236704817007595 0.5167083590670057
21.70000000000004 0.092270184420119 0.3870557864503605 0.5206740291295204
21.80000000000004 0.09368179100402399 0.38178097810450223 0.5245372308914737
21.90000000000004 0.09516111991368659 0.37654556633225195 0.5282933137540615
22.000000000000043 0.09670992609259003 0.37135244526688677 0.5319376286405233
22.100000000000044 0.09833001008017693 0.3662044565577635 0.5354655333620595
22.200000000000045 0.10002321572932393 0.36110438612718615 0.53887239814349
22.300000000000047 0.10179142756321762 0.35605496111478085 0.5421536113220016
22.40000000000005 0.10363656774439006 0.3510588470215229 0.5453045852340871
22.50000000000005 0.10556059262813688 0.34611864506443446 0.5483207623074287
22.60000000000005 0.10756548887219669 0.3412368897517849 0.5511976213760185
22.700000000000053 0.10965326907445473 0.33641604668738123 0.553930684238164
22.800000000000054 0.11182596691058029 0.33165851061125057 0.556515522478169
22.900000000000055 0.11408563174395638 0.3269666036826988 0.5589477645733448
23.000000000000057 0.11643432268105244 0.32234257401038957 0.561223103308558
23.10000000000006 0.1188741020465681 0.31778859443273944 0.5633373035206924
23.20000000000006 0.12140702825428189 0.31330676155057674 0.5652862101951415
23.30000000000006 0.12403514805161768 0.3088990950126754 0.5670657569357069
23.400000000000063 0.12676048811853605 0.30456753705345985 0.5686719748280041
23.500000000000064 0.12958504600451 0.3003139522808947 0.5701010017145953
23.600000000000065 0.1325107803910957 0.29614012771132747 0.5713490918975769
23.700000000000067 0.1355396006719922 0.29204777304685925 0.5724126262811485
23.800000000000068 0.13867335584753473 0.28803852118967593 0.5732881229627893
23.90000000000007 0.14191382273630493 0.2841139289866942 0.5739722482770009
24.00000000000007 0.14526269351298662 0.28027547819686444 0.574461828290149
24.100000000000072 0.1487215625887545 0.2765245766725308 0.5747538607387148
24.200000000000074 0.15229191285834803 0.27286255974538126 0.5748455273962707
24.300000000000075 0.15597510134653692 0.2692906918067311 0.574734206846732
24.400000000000077 0.15977234429589138 0.26581016807116864 0.57441748763294
24.500000000000078 0.16368470174758065 0.26242211651196 0.5738931817404593
24.60000000000008 0.1677130616772624 0.25912759995605145 0.5731593383666862
24.70000000000008 0.17185812375890563 0.25592761832602895 0.5722142579150654
24.800000000000082 0.1761203828404963 0.2528231110159895 0.5710565061435142
24.900000000000084 0.18050011222687296 0.24981495938794498 0.569684928385182
25.000000000000085 0.1849973468762716 0.24690398937511512 0.5680986637486133
25.100000000000087 0.18961186662834664 0.244090974178266 0.5662971591933874
25.200000000000088 0.19434317959227618 0.24137663704111176 0.564280183366612
25.30000000000009 0.19919050583383688 0.23876165409071437 0.5620478400754487
25.40000000000009 0.20415276150981002 0.2362466572287849 0.5596005812614051
25.500000000000092 0.20922854360650872 0.23383223705980577 0.5569392193336855
25.600000000000094 0.2144161154463397 0.2315189458419512 0.554064938711709
25.700000000000095 0.21971339313187258 0.2293073004468788 0.5509793064212487
25.800000000000097 0.22511793310063127 0.227197785314593 0.5476842815847758
25.900000000000098 0.2306269209654998 0.2251908553897392 0.5441822236447609
26.0000000000001 0.23623716181502305 0.22328693902586888 0.5404758991591081
26.1000000000001 0.24194507214478173 0.2214864408444195 0.5365684870107987
26.200000000000102 0.24774667358526445 0.21978974453537528 0.5324635818793603
26.300000000000104 0.25363758858312535 0.21819721558681116 0.5281651958300635
26.400000000000105 0.2596130381813298 0.21670920393077442 0.5236777578878958
26.500000000000107 0.265667842029439 0.21532604649322018 0.5190061114773409
26.600000000000108 0.27179642073821214 0.21404806963599127 0.5141555096257966
26.70000000000011 0.2779928006729284 0.21287559147911683 0.5091316078479547
26.80000000000011 0.2842506212575324 0.21180892409199914 0.5039404546504684
26.900000000000112 0.29056314483714235 0.21084837554236363 0.49858847962049396
27.000000000000114 0.29692326911995254 0.20999425179216566 0.4930824790878817
27.100000000000115 0.3033235421914977 0.20924685842997928 0.48742959937852304
27.200000000000117 0.30975618006507394 0.20860650222974167 0.4816373177051845
27.300000000000118 0.31621308670232295 0.2080734925260932 0.47571342077158385
27.40000000000012 0.32268587640811824 0.20764814239694082 0.46966598119494096
27.50000000000012 0.32916589847450156 0.2073307696442845 0.46350333188121384
27.600000000000122 0.3356442639200761 0.20712169756478616 0.4572340385151378
27.700000000000124 0.342111874144534 0.2070212555020312 0.45086687035343487
27.800000000000125 0.348559451293426 0.2070297791729395 0.44441076953363445
27.900000000000126 0.3549775701063799 0.2071476107613253 0.43787481913229476
28.000000000000128 0.36135669100319256 0.20737509877219445 0.431268210224613
28.10000000000013 0.36768719414696177 0.20771259764099842 0.42460020821203986
28.20000000000013 0.37395941421198925 0.20816046709274763 0.4178801186952631
28.300000000000132 0.3801636755768128 0.2087190712466222 0.41111725317656506
28.400000000000134 0.38629032765954197 0.20938877746250908 0.404320894877949
28.500000000000135 0.3923297801137159 0.2101699549267453 0.39750026495953883
28.600000000000136 0.39827253760811115 0.2110629729752588 0.3906644894166301
28.700000000000138 0.4041092339231443 0.2120681991532736 0.3838225669235822
28.80000000000014 0.4098306651094903 0.21318599701178645 0.3769833378787233
28.90000000000014 0.41542782147094637 0.21441672364212855 0.3701554548869251
29.000000000000142 0.4208919181530093 0.21576072695109863 0.3633473548958921
29.100000000000144 0.4262144241406482 0.21721834268039267 0.3565672331789591
29.200000000000145 0.43138708949284116 0.2187898911753595 0.3498230193317994
29.300000000000146 0.43640197066707737 0.2204756739094785 0.34312235542344405
29.400000000000148 0.44125145381365893 0.22227596977238281 0.3364725764139582
29.50000000000015 0.4459282759467355 0.22419103113073463 0.3298806929225298
29.60000000000015 0.4504255439260401 0.22622107967279453 0.3233533764011654
29.700000000000152 0.4547367512097756 0.22836630204910635 0.3168969467411181
29.800000000000153 0.4588557923645711 0.23062684532333727 0.31051736231209165
29.900000000000155 0.46277697534248463 0.23300281224896005 0.30422021240855535
30.000000000000156 0.46649503155731986 0.2354942563891311 0.298010712053549
30.100000000000158 0.47000512381276954 0.2381011770987926 0.29189369908843776
30.20000000000016 0.4733028521528718 0.2408235143896977 0.28587363345743044
30.30000000000016 0.4763842577208114 0.2436611437007087 0.27995459857847993
30.400000000000162 0.479245824725124 0.24661387059733733 0.2741403046775387
30.500000000000163 0.48188448062283945 0.2496814254260622 0.2684340939510983
30.600000000000165 0.48429759463704714 0.25286345795045934 0.26283894741249353
30.700000000000166 0.4864829747318705 0.25615953199759284 0.25735749327053664
30.800000000000168 0.4884388631710101 0.2595691201444191 0.2519920166845708
30.90000000000017 0.4901639307870195 0.26309159847513636 0.24674447073784417
31.00000000000017 0.4916572700875059 0.26672624144144275 0.24161648847105133
31.100000000000172 0.492918387321709 0.2704722168585263 0.2366093958197647
31.200000000000173 0.493947193626636 0.27432858107028535 0.23172422530307868
31.300000000000175 0.49474399536636227 0.2782942743177375 0.22696173031590022
31.400000000000176 0.49530948377147865 0.28236811634480935 0.222322399883712
31.500000000000178 0.4956447239782297 0.2865488022756832 0.21780647374608714
31.60000000000018 0.49575114355886046 0.29083489879759755 0.21341395764354204
31.70000000000018 0.4956305206263088 0.2952248406824383 0.20914463869125294
31.800000000000182 0.49528497158783724 0.29971692767960645 0.2049981007325563
31.900000000000183 0.49471693861369237 0.3043093218114973 0.20097373957481035
32.000000000000185 0.49392917687856974 0.3090000451014659 0.19707077801996437
32.100000000000186 0.4929247416257025 0.313786977762386 0.19328828061191144
32.20000000000019 0.49170697509590056 0.3186678568718311 0.18962516803226837
32.30000000000019 0.49027949335695165 0.32364027555752717 0.18608023108552119
32.40000000000019 0.48864617306253244 0.32870168271405303 0.18265214422341453
32.50000000000019 0.48681113816422905 0.33384938326880953 0.17933947856696142
32.60000000000019 0.48477874659546627 0.33908053901206764 0.1761407143924661
32.700000000000195 0.48255357694211665 0.3443921700024518 0.17305425305543154
32.800000000000196 0.4801404151113022 0.349781156555555 0.1700784283331428
32.9000000000002 0.47754424100739973 0.35524424181953906 0.16721151717306115
33.0000000000002 0.4747702152224861 0.3607780349375912 0.16445174983992272
33.1000000000002 0.4718236657473694 0.3663790147930146 0.16179731945961606
33.2000000000002 0.46871007470889525 0.37204353432857784 0.1592463909625269
33.3000000000002 0.46543506513933136 0.3777678254275708 0.15679710943309788
33.400000000000205 0.4620043877842514 0.3835480043398639 0.15444760787588463
33.500000000000206 0.4584239079563882 0.38938007763218435 0.15219601441142744
33.60000000000021 0.45469959244432834 0.39525994863785985 0.15004045891781181
33.70000000000021 0.45083749648660093 0.4011834243774757 0.14797907913592345
33.80000000000021 0.44684375082359157 0.4071462229182955 0.14601002625811288
33.90000000000021 0.4427245488417149 0.4131439811369477 0.14413147002133742
34.00000000000021 0.4384861338263308 0.4191722628468208 0.14234160332684836
34.100000000000215 0.4341347863419206 0.4252265672488753 0.1406386464092041
34.200000000000216 0.42967681175998984 0.43130233766220194 0.13902085057780822
34.30000000000022 0.42511852795696825 0.4373949704886599 0.13748650155437186
34.40000000000022 0.4204662532059917 0.44349982436434027 0.136033922429668
34.50000000000022 0.41572629428782504 0.44961222944943285 0.1346614762627421
34.60000000000022 0.410904934847283 0.45572749680734065 0.13336756834537628
34.70000000000022 0.406008424022302 0.4618409278235925 0.13215064815410554
34.800000000000225 0.4010429653732839 0.4679478236152464 0.13100921101146973
34.900000000000226 0.396014706140464 0.47404349438205134 0.1299417994774847
35.00000000000023 0.3909297268568374 0.48012326865162813 0.1289470044915344
35.10000000000023 0.3857940313436192 0.4861825023723244 0.12802346628405636
35.20000000000023 0.380613537114318 0.4922165878091744 0.12716987507650762
35.30000000000023 0.37539406621227994 0.4982209622005179 0.1263849715872022
35.40000000000023 0.3701413365050406 0.5041911161352828 0.12566754735967667
35.500000000000234 0.3648609534570171 0.5101226016136671 0.12501644492931585
35.600000000000236 0.3595584024000218 0.5160110397569447 0.12443055784303347
35.70000000000024 0.3542390413188047 0.5218521281353125 0.12390883054588286
35.80000000000024 0.34890809416637386 0.5276416476860648 0.12345025814756139
35.90000000000024 0.3435706447212346 0.5333754691978811 0.1230538860808843
36.00000000000024 0.33823163099596704 0.5390495593405966 0.1227188096634364
36.10000000000024 0.3328958402037626 0.5446599862234653 0.12244417357277204
36.200000000000244 0.32756790428670285 0.5502029244685708 0.12222917124472643
36.300000000000246 0.32225229600671995 0.5556746597896578 0.1220730442036222
36.40000000000025 0.316953325597366 0.561071593070219 0.12197508133241497
36.50000000000025 0.3116751379717633 0.5663902439381273 0.12193461809010941
36.60000000000025 0.30642171047944716 0.571627253837446 0.12195103568310695
36.70000000000025 0.3011968512022635 0.5767793886012318 0.12202376019650463
36.80000000000025 0.296004197777081 0.581843540532158 0.12215226169076099
36.900000000000254 0.2908472167308263 0.586816730000599 0.12233605326857477
37.000000000000256 0.28572920331128726 0.5916961065724247 0.12257469011628808
37.10000000000026 0.2806532817952452 0.5964789496811355 0.12286776852361936
37.20000000000026 0.27562240625382445 0.6011626688611146 0.12321492488506103
37.30000000000026 0.2706393617534753 0.6057448035606884 0.12361583468583637
37.40000000000026 0.2657067659697504 0.6102230225553501 0.1240702114748995
37.50000000000026 0.2608270711899914 0.6145951229829322 0.12457780582707645
37.600000000000264 0.25600256668020954 0.6188590290236985 0.12513840429609202
37.700000000000266 0.25123538139082197 0.6230127902492818 0.1257518283598963
37.80000000000027 0.24652748697548 0.6270545796651218 0.12641793335939822
37.90000000000027 0.24188070109700038 0.6309826914715685 0.12713660743143118
38.00000000000027 0.2372966909943635 0.6347955385691225 0.12790777043651402
38.10000000000027 0.23277697728487107 0.6384916498333952 0.12873137288173364
38.20000000000027 0.22832293797584494 0.6420696671853034 0.12960739483885164
38.300000000000274 0.22393581266068507 0.6455283424817801 0.13053584485753478
38.400000000000276 0.21961670687467436 0.6488665342518951 0.1315167588734305
38.50000000000028 0.21536659658660973 0.6520832043027591 0.13255019911063115
38.60000000000028 0.2111863328031347 0.65517741421894 0.13363625297792525
38.70000000000028 0.20707664626353772 0.6581483217783708 0.13477503195809148
38.80000000000028 0.20303815220374685 0.6609951773068846 0.1359666704893685
38.90000000000028 0.1990713551692834 0.6637173199925968 0.13721132483811982
39.000000000000284 0.19517665385802016 0.6663141741803648 0.13850917196161505
39.100000000000286 0.19135434597471226 0.6687852456655261 0.13986040835976166
39.20000000000029 0.18760463308041989 0.671130118005038 0.14126524891454217
39.30000000000029 0.18392762542110874 0.6733484488630423 0.1427239257158489
39.40000000000029 0.18032334672088934 0.6754399664067611 0.14423668687234958
39.50000000000029 0.1767917389265275 0.6774044657674991 0.14580379530597343
39.60000000000029 0.17333266689102012 0.679241805580409 0.14742552752857085
39.700000000000294 0.16994592298517402 0.680951904615554 0.14910217239927193
39.800000000000296 0.1666312316272434 0.6825347385117052 0.15083402986105143
39.9000000000003 0.16338825372176996 0.6839903366232299 0.15262140965500015
40.0000000000003 0.16021659099982324 0.6853187789893744 0.15446463001080235
40.1000000000003 0.1571157902538504 0.6865201934342229 0.15636401631192676
40.2000000000003 0.1540853474613162 0.6875947528046246 0.15831989973405924
40.3000000000003 0.15112471179223835 0.688542672352432 0.16033261585532965
40.400000000000304 0.1482332894965997 0.6893642072664771 0.1624025032369233
40.500000000000306 0.14541044766844696 0.6900596503588405 0.16452990197271244
40.60000000000031 0.14265551788426395 0.690629329909139 0.16671515220659716
40.70000000000031 0.13996779971393308 0.6910736076697591 0.16895859261630786
40.80000000000031 0.1373465641032774 0.6913928770342223 0.17126055886250036
40.90000000000031 0.13479105662780094 0.691587561370147 0.17362138200205202
41.00000000000031 0.13230050061782403 0.6916581125176112 0.17604138686456472
41.100000000000314 0.1298741001557386 0.6916050094530763 0.17852089039118502
41.200000000000315 0.12751104294659268 0.6914287571184423 0.18106019993496503
41.30000000000032 0.12521050306364961 0.6911298854142366 0.18365961152211374
41.40000000000032 0.12297164357096299 0.6907089483554094 0.18631940807362757
41.50000000000032 0.12079361902536007 0.6901665233877083 0.18903985758693165
41.60000000000032 0.1186755778605399 0.6895032108621304 0.19182121127732965
41.70000000000032 0.11661666465626803 0.6887196336645052 0.19466370167922675
41.800000000000324 0.1146160222958896 0.6878164369968378 0.19756754070727256
41.900000000000325 0.11267279401558954 0.6867942883066404 0.20053291767777015
42.00000000000033 0.11078612534900473 0.685653877360097 0.20355999729089824
42.10000000000033 0.1089551659709393 0.6843959164545432 0.20664891757451742
42.20000000000033 0.10717907144405428 0.6830211407653909 0.20979978779055486
42.30000000000033 0.10545700487249804 0.6815303088222923 0.21301268630520964
42.40000000000033 0.10378813846651568 0.679924203109014 0.21628765842447029
42.500000000000334 0.10217165502212712 0.6782036307811754 0.2196247141966975
42.600000000000335 0.10060674931999547 0.6763694244957014 0.22302382618430316
42.70000000000034 0.099092629447622 0.674422443345541 0.226484927206837
42.80000000000034 0.09762851804900294 0.6723635738929136 0.23000790805808347
42.90000000000034 0.09621365350586855 0.6701937312940552 0.23359261520007624
43.00000000000034 0.09484729105459654 0.6679138605081648 0.23723884843723864
43.10000000000034 0.09352870384285326 0.6655249375829686 0.24094635857417812
43.200000000000344 0.09225718392996697 0.6630279710090582 0.24471484506097485
43.300000000000345 0.09103204323497897 0.6604240031348911 0.24854395363012993
43.40000000000035 0.08985261443625352 0.6577141116340877 0.25243327392965886
43.50000000000035 0.08871825182645383 0.6548994110164078 0.2563823371571383
43.60000000000035 0.08762833212661388 0.6519810541735509 0.2603906136998352
43.70000000000035 0.08658225526295116 0.6489602339506884 0.2644575107863605
43.80000000000035 0.08557944510997788 0.6458381847344198 0.2685823701556024
43.900000000000354 0.08461935020337542 0.6426161840476341 0.2727644657489905
44.000000000000355 0.08370144442600147 0.6392955541415671 0.2770030014324314
44.10000000000036 0.0828252276703002 0.6358776635751684 0.2812971087545314
44.20000000000036 0.0819902264802845 0.6323639287717392 0.2856458447479763
44.30000000000036 0.0811959946761549 0.6287558155426672 0.29004818978117786
44.40000000000036 0.08044211396451316 0.6250548405679809 0.29450304546750594
44.50000000000036 0.07972819453701951 0.6212625728233632 0.2990092326396173
44.600000000000364 0.07905387566023081 0.6173806349432244 0.3035654893965448
44.700000000000365 0.07841882625924237 0.6134107045094163 0.3081704692313414
44.80000000000037 0.07782274549763957 0.6093545152552005 0.31282273924716
44.90000000000037 0.07726536335614426 0.6052138581741513 0.3175207784697045
45.00000000000037 0.07674644121221753 0.600990582523786 0.32226297626399647
45.10000000000037 0.07626577242275205 0.5966865967138764 0.32704763086337163
45.20000000000037 0.0758231829118542 0.5923038690696073 0.3318729480185385
45.300000000000374 0.07541853176557853 0.5878444284600133 0.33673703977440816
45.400000000000375 0.07505171183533234 0.583310364782444 0.34163792338222365
45.50000000000038 0.07472265035151737 0.5787038292941916 0.346573520354291
45.60000000000038 0.07443130954881617 0.5740270347828497 0.3515416556683342
45.70000000000038 0.07417768730436301 0.5692822555674767 0.3565400571281603
45.80000000000038 0.07396181778986115 0.5644718273232002 0.36156635488693867
45.90000000000038 0.07378377213851899 0.559598146722525 0.3666180811389561
46.000000000000384 0.07364365912747595 0.5546636708872976 0.37169266998522643
46.100000000000385 0.07354162587617331 0.5496709166460344 0.3767874574777923
46.20000000000039 0.07347785856089409 0.5446224595921284 0.38189968184697753
46.30000000000039 0.07345258314544804 0.5395209329393279 0.3870264839152241
46.40000000000039 0.07346606612771131 0.5343690261718028 0.39216490770048584
46.50000000000039 0.0735186153014428 0.5291694834870976 0.39731190121145965
46.60000000000039 0.07361058053249038 0.5239251020312962 0.40246431743621347
46.700000000000394 0.07374235454816641 0.5186387299267984 0.40761891552503526
46.800000000000395 0.07391437373821234 0.5133132640942124 0.4127723621675753
46.9000000000004 0.07412711896538457 0.5079516478710112 0.4179212331636042
47.0000000000004 0.07438111638327578 0.5025568684307621 0.4230620151859621
47.1000000000004 0.07467693825853564 0.497131954007917 0.4281911077335474
47.2000000000004 0.07501520379416991 0.4916799709343399 0.43330482527149017
47.3000000000004 0.07539657995007623 0.4862040204949308 0.438399399554993
47.400000000000404 0.07582178225641459 0.4807072356108798 0.44347098213270564
47.500000000000405 0.0762915756148107 0.4751927773602399 0.4485156470249494
47.600000000000406 0.07680677508174769 0.46966383134662765 0.45352939357162464
47.70000000000041 0.0773682466278147 0.4641236039279451 0.4585081494442402
47.80000000000041 0.07797690786574953 0.45857531831804776 0.4634477738162027
47.90000000000041 0.07863372873943258 0.45302221057525366 0.4683440606853138
48.00000000000041 0.07933973216516409 0.4474675254924908 0.4731927423423451
48.10000000000041 0.08009599461568112 0.4419145124047012 0.4779894929796176
48.200000000000415 0.08090364663644928 0.43636642092985306 0.4827299324336977
48.300000000000416 0.08176387328279351 0.4308264966605497 0.4874096300566568
48.40000000000042 0.08267791446541727 0.4252979768237568 0.4920241087108259
48.50000000000042 0.08364706519079888 0.41978408592659344 0.49656884888260766
48.60000000000042 0.08467267568185409 0.41428803140643766 0.5010392929117082
48.70000000000042 0.08575615136311569 0.40881299930378767 0.5054308493330967
48.80000000000042 0.08689895269351312 0.40336214997638065 0.5097388973301062
48.900000000000425 0.08810259482864083 0.39793861387301194 0.5139587912983472
49.000000000000426 0.0893686470931946 0.3925454873853092 0.5180858655214962
49.10000000000043 0.09069873224303798 0.38718582879540314 0.522115438961559
49.20000000000043 0.09209452549514943 0.3818626543370002 0.5260428201678504
49.30000000000043 0.09355775330250773 0.3765789343868055 0.5298633123106868
49.40000000000043 0.09509019184981497 0.3713375898025716 0.5335722183476135
49.50000000000043 0.09669366524485089 0.3661414884232639 0.5371648463318852
49.600000000000435 0.0983700433792207 0.36099344174594855 0.5406365148748307
49.700000000000436 0.10012123943132399 0.35589620179302345 0.5439825587756526
49.80000000000044 0.10194920698356019 0.3508524581823439 0.547198334834096
49.90000000000044 0.10385593672512723 0.34586483541164675 0.550279227863226
50.00000000000044 0.10584345271129351 0.3409358903674614 0.5532206569212451
50.10000000000044 0.107913808149766 0.3360681100674247 0.5560180817828093
50.20000000000044 0.11006908068477494 0.3312639096435999 0.5586670096716251
50.300000000000445 0.11231136714978845 0.32652563057304945 0.5611630022771621
50.400000000000446 0.11464277776040045 0.321855539160538 0.5635016830790616
50.50000000000045 0.11706542971994625 0.3172558252768592 0.5656787450031946
50.60000000000045 0.1195814402118377 0.3127286013548961 0.5676899584332662
50.70000000000045 0.12219291875451942 0.3082759016441536 0.5695311796013269
50.80000000000045 0.12490195889737676 0.3038996817231516 0.5711983593794716
50.90000000000045 0.12771062923891818 0.29960181826775123 0.5726875524933306
51.000000000000455 0.13062096375215507 0.2953841090722063 0.5739949271756386
51.100000000000456 0.13363495140635037 0.29124827331850944 0.5751167752751402
51.20000000000046 0.1367545250792378 0.2871959520884271 0.5760495228323351
51.30000000000046 0.1399815497594587 0.28322870911151304 0.5767897411290281
51.40000000000046 0.14331781004534258 0.2793480317413511 0.5773341582133062
51.50000000000046 0.14676499695328377 0.27555533215131045 0.5776796708954057
51.60000000000046 0.150324694056841 0.27185194874021146 0.5778233572029475
51.700000000000465 0.15399836298629527 0.2682391477374874 0.5777624892762172
51.800000000000466 0.15778732832771614 0.2647181249967007 0.5774945466755832
51.90000000000047 0.16169276197056187 0.2612900079656227 0.5770172300638154
52.00000000000047 0.1657156669634077 0.25795585782052 0.5763284752160723
52.10000000000047 0.169856860948474 0.25471667175180124 0.5754264672997248
52.20000000000047 0.17411695925710285 0.2515733853877666 0.5743096553551306
52.30000000000047 0.17849635776007447 0.24852687534286635 0.5729767668970592
52.400000000000475 0.18299521557850984 0.24557796187660774 0.5714268225448824
