0 0.32 0.21 0.47
0.1 0.325710305283109 0.2072679443302483 0.46702175038664273
0.2 0.33149802068216044 0.20464047823863912 0.4638615010792004
0.30000000000000004 0.33735938090870754 0.20211681859199365 0.4605238004992988
0.4 0.34329040351706774 0.19969614097650018 0.4570134555064321
0.5 0.3492868925719136 0.19737758558430105 0.45333552184378534
0.6 0.3553444433707007 0.19516026285209526 0.44949529377720404
0.7 0.3614584482271727 0.19304325884463372 0.44549829292819354
0.7999999999999999 0.3676241033136304 0.19102564037784348 0.44135025630852615
0.8999999999999999 0.37383641655077415 0.18910645987803676 0.4370571235711891
0.9999999999999999 0.3800902165248247 0.18728475997523822 0.43262502349993703
1.0999999999999999 0.38638016240241624 0.1855595778301021 0.42806025976748163
1.2 0.39270075480455496 0.1839299491951923 0.4233692960002528
1.3 0.3990463475918759 0.1823949122125646 0.41855874019555944
1.4000000000000001 0.40541116050463405 0.18095351095062903 0.41363532854473695
1.5000000000000002 0.4117892925924684 0.17960479868418264 0.4086059087233489
1.6000000000000003 0.41817473636109886 0.1783478409222992 0.40347742271660203
1.7000000000000004 0.42456139255588365 0.177181718189445 0.39825688925467134
1.8000000000000005 0.4309430854956862 0.1761055285657686 0.39295138593854523
1.9000000000000006 0.43731357886488637 0.17511838999299095 0.38756803114212274
2.0000000000000004 0.44366659186670454 0.17421944235271156 0.3821139657805839
2.1000000000000005 0.44999581563737073 0.17340784932424932 0.37659633503837997
2.2000000000000006 0.4562949298181214 0.17268280002936318 0.37102227015251543
2.3000000000000007 0.46255761918058824 0.17204351047135277 0.36539887034805896
2.400000000000001 0.46877759020087656 0.17148922477613168 0.3597331850229917
2.500000000000001 0.4749485874785254 0.17101921624289862 0.35403219627857596
2.600000000000001 0.48106440989857424 0.17063278821201536 0.34830280188941043
2.700000000000001 0.4871189264381066 0.17032927475763687 0.3425517988042565
2.800000000000001 0.49310609152283946 0.17010804121253634 0.33678586726462423
2.9000000000000012 0.49901995984451314 0.16996848453243082 0.33101155562305606
3.0000000000000013 0.5048547005559237 0.16991003350694633 0.3252352659371299
3.1000000000000014 0.5106046107673307 0.16993214882416985 0.3194632404084995
3.2000000000000015 0.5162641282755541 0.17003432299552418 0.3137015487289217
3.3000000000000016 0.5218278434652375 0.17021608014747355 0.30795607638728895
3.4000000000000017 0.5272905103303562 0.17047697568632766 0.3022325139833161
3.5000000000000018 0.532647056572987 0.17081659584216266 0.29653634758485026
3.600000000000002 0.5378925927454704 0.17123455709762322 0.29087285015690634
3.700000000000002 0.5430224204112909 0.1717305055071126 0.2852470740815965
3.800000000000002 0.5480320393091228 0.17230411591162048 0.2796638447792567
3.900000000000002 0.5529171535134416 0.1729550910541846 0.2741277554323738
4.000000000000002 0.5576736765937639 0.17368316060073305 0.26864316280550304
4.100000000000001 0.5622977357828535 0.17448808007081196 0.2632141841463346
4.200000000000001 0.5667856751720334 0.17536962968247116 0.25784469514549546
4.300000000000001 0.5711340579589871 0.17632761311535777 0.25253832892565514
4.4 0.5753396677800647 0.1773618561958586 0.24729847602407667
4.5 0.5793995091650691 0.17847220550793594 0.24212828532699496
4.6 0.5833108071577544 0.17965852693312076 0.23703066590912483
4.699999999999999 0.5870710061497939 0.18092070412296182 0.23200828972724427
4.799999999999999 0.5906777679797579 0.18225863690708136 0.22706359511316074
4.899999999999999 0.5941289693516806 0.18367223963985757 0.22219879100846185
4.999999999999998 0.5974226986301048 0.1851614394886416 0.2174158618812536
5.099999999999998 0.6005572520700878 0.18672617466632346 0.21271657326358873
5.1999999999999975 0.6035311295415658 0.1883663926109869 0.20810247784744726
5.299999999999997 0.6063430298077398 0.19008204811533835 0.20357492207692185
5.399999999999997 0.6089918454168115 0.1918731014085597 0.1991350531746288
5.4999999999999964 0.6114766572655053 0.19373951619321825 0.1947838265412765
5.599999999999996 0.6137967288914155 0.1956812576398713 0.19052201346871325
5.699999999999996 0.6159515005493728 0.19769829034202488 0.18635020910860237
5.799999999999995 0.6179405831247828 0.19979057623414745 0.1822688406410697
5.899999999999995 0.6197637519343081 0.20195807247549927 0.17827817559019263
5.999999999999995 0.6214209404613998 0.20420072930261504 0.17437833023598512
6.099999999999994 0.6229122340710925 0.20651848785337157 0.1705692780755359
6.199999999999994 0.6242378637451955 0.20891127796568265 0.16685085828912183
6.299999999999994 0.6253981998756152 0.21137901595398828 0.16322278417039654
6.399999999999993 0.6263937461500497 0.21392160236684485 0.15968465148310543
6.499999999999993 0.6272251335607685 0.2165389197290744 0.15623594671015711
6.5999999999999925 0.6278931145636538 0.21923083027209514 0.15287605516425104
6.699999999999992 0.6283985574111818 0.2219971736562276 0.14960426893259063
6.799999999999992 0.6287424406795777 0.22483776468895325 0.146419794631469
6.8999999999999915 0.6289258480070353 0.2277523910432897 0.14332176094967497
6.999999999999991 0.628949963056651 0.23074081098063984 0.1403092259627092
7.099999999999991 0.6288160647146234 0.2338027510826675 0.13738118420270914
7.19999999999999 0.6285255225313167 0.2369379039969489 0.13453657347173445
7.29999999999999 0.628079792409993 0.24014592620134356 0.13177428138866343
7.39999999999999 0.6274804125454072 0.24342643579221993 0.12909315166237287
7.499999999999989 0.6267289996120151 0.24677901030185587 0.12649199008612902
7.599999999999989 0.6258272451992989 0.2502031845505118 0.12396957025018929
7.699999999999989 0.6247769124896465 0.25369844853883955 0.12152463897151394
7.799999999999988 0.6235798331723469 0.2572642453864429 0.11915592144121023
7.899999999999988 0.6222379045855759 0.2608999693225442 0.11686212609187985
7.999999999999988 0.620753087076744 0.2646049637348289 0.11464194918842707
8.099999999999987 0.6191274015702545 0.2683785192826378 0.11249407914710774
8.199999999999987 0.6173629273305796 0.27221987208075404 0.11041720058866633
8.299999999999986 0.6154617999075866 0.2761282019600783 0.10840999813233504
8.399999999999986 0.613426209250239 0.2801026308115095 0.10647115993825146
8.499999999999986 0.6112583979741522 0.2841422210193385 0.10459938100650934
8.599999999999985 0.6089606597679832 0.28824597399042257 0.10279336624159424
8.699999999999985 0.6065353379232876 0.29241282878533287 0.10105183329137951
8.799999999999985 0.6039848239722586 0.29664166085755733 0.09937351517018406
8.899999999999984 0.6013115564176841 0.3009312809066941 0.09775716267562184
8.999999999999984 0.5985180195394952 0.30528043385138326 0.0962015466091215
9.099999999999984 0.5956067422624374 0.309687797927501 0.09470545981006162
9.199999999999983 0.5925802970696553 0.31415198391687277 0.09326771901347192
9.299999999999983 0.5894412989473518 0.3186715345114568 0.09188716654119145
9.399999999999983 0.5861924043461354 0.32324492381760267 0.09056267183626193
9.499999999999982 0.5828363101452203 0.32787055700460144 0.08929313285017826
9.599999999999982 0.5793757526062631 0.3325467701013185 0.08807747729241844
9.699999999999982 0.5758135063043223 0.3372718299442338 0.08691466375144391
9.799999999999981 0.5721523830241879 0.3420439342797133 0.08580368269609878
9.89999999999998 0.5683952306111527 0.3468612120227958 0.08474355736605149
9.99999999999998 0.5645449317661709 0.35172172367421156 0.0837333445596175
10.09999999999998 0.5606044027762731 0.35662346189674626 0.08277213532698063
10.19999999999998 0.5565765921720642 0.3615643522514367 0.08185905557649908
10.29999999999998 0.5524644793051269 0.36654225409343294 0.08099326660144018
10.399999999999979 0.5482710728391675 0.37155496162668983 0.08017396553414263
10.499999999999979 0.5439994091497848 0.37660020511596276 0.0794003857342524
10.599999999999978 0.5396525506287858 0.38167565225388367 0.07867179711733052
10.699999999999978 0.5352335838900348 0.3867789096801875 0.07798750642977764
10.799999999999978 0.5307456178748751 0.3919075246494516 0.07734685747567333
10.899999999999977 0.5261917818562101 0.3970589868430057 0.0767492313007842
10.999999999999977 0.5215752233413714 0.40223073031997536 0.07619404633865323
11.099999999999977 0.5168991058749111 0.40742013560173945 0.07568075852334949
11.199999999999976 0.5121666067434502 0.4126245318834207 0.07520886137312915
11.299999999999976 0.5073809145856725 0.41784119936539066 0.07477788604893687
11.399999999999975 0.5025452269114735 0.4230673716971654 0.07438740139136107
11.499999999999975 0.49766274753515527 0.4283002385254951 0.07403701393934964
11.599999999999975 0.4927366839283849 0.4335369481379236 0.07372636793369153
11.699999999999974 0.48777024449941586 0.4387746101926078 0.07345514530797637
11.799999999999974 0.4827666358057904 0.44401029852475443 0.07322306566945519
11.899999999999974 0.4777290597083994 0.4492410540196535 0.07302988627194712
11.999999999999973 0.47266071047537395 0.4544638875419663 0.07287540198265974
12.099999999999973 0.46756477184480555 0.45967578291067146 0.07275944524452305
12.199999999999973 0.46244441405575104 0.464873699908877 0.0726818860353719
12.299999999999972 0.4573027908573602 0.47005457731758665 0.0726426318250532
12.399999999999972 0.45214303650627324 0.47521533596245213 0.07264162753127457
12.499999999999972 0.4469682627626704 0.48035288176256347 0.07267885547476621
12.599999999999971 0.4417815558955135 0.48546410877041957 0.07275433533406694
12.69999999999997 0.4365859737076043 0.4905459021923864 0.07286812410000926
12.79999999999997 0.4313845425910924 0.49559514137918714 0.07302031602972048
12.89999999999997 0.42618025462400194 0.5006087027762786 0.07321104259971956
12.99999999999997 0.4209760647182128 0.5055834628243497 0.07344047245743746
13.09999999999997 0.41577488782912564 0.5105163008006283 0.0737088113702461
13.199999999999969 0.4105795962369743 0.5154041015921966 0.0740163021708291
13.299999999999969 0.40539301690941515 0.5202437583931033 0.07436322469748158
13.399999999999968 0.4002179289546345 0.5250321753176945 0.07474989572767099
13.499999999999968 0.3950570611737719 0.5297662699232906 0.07517666890293762
13.599999999999968 0.3899130897209624 0.5344429756360843 0.07564393464295327
13.699999999999967 0.3847886358787652 0.5390592440749373 0.07615212004629746
13.799999999999967 0.3796862639561674 0.5436120472685934 0.07670168877523931
13.899999999999967 0.374608479315741 0.5480983797627111 0.07729314092154793
13.999999999999966 0.3695577265358923 0.5525152606140314 0.0779270128500763
14.099999999999966 0.36453638771347896 0.5568597352699368 0.07860387701658422
14.199999999999966 0.35954678091139003 0.561128877332627 0.07932434175598302
14.299999999999965 0.3545911587549923 0.5653197902081101 0.08008905103689756
14.399999999999965 0.34967170718064744 0.5694296086412052 0.08089868417814738
14.499999999999964 0.3447905443388039 0.5734555001387409 0.08175395552245512
14.599999999999964 0.3399497196534716 0.5773946662841343 0.08265561406239419
14.699999999999964 0.33515121303920026 0.581244343947516 0.08360444301328374
14.799999999999963 0.3303969342760075 0.5850018063965454 0.084601259327447
14.899999999999963 0.32568872254204756 0.5886643643140134 0.08564691314393913
14.999999999999963 0.3210283461031751 0.5922293667292614 0.08674228716756349
15.099999999999962 0.316417502157952 0.5956942018713514 0.08788829597069658
15.199999999999962 0.3118578168360617 0.5990562979527845 0.08908588521115379
15.299999999999962 0.3073508453475484 0.6023131238933986 0.09033603075905294
15.399999999999961 0.3028980722797837 0.6054621899948561 0.09163973772536016
15.499999999999961 0.29850091203858253 0.6085010485768655 0.09299803938455198
15.59999999999996 0.29416070942945205 0.611427294586962 0.09441199598358596
15.69999999999996 0.2898787403745538 0.6142385661962869 0.09588269342915934
15.79999999999996 0.2856562127605977 0.6169325453943614 0.09741124184504091
15.89999999999996 0.2814942674125669 0.6195069585963331 0.09899877399110002
15.99999999999996 0.2773939791878903 0.6219595772765848 0.10064644353552488
16.09999999999996 0.2733563581854428 0.6242882186429224 0.10235542317163482
16.19999999999996 0.2693823510635501 0.6264907463658071 0.10412690257064283
16.29999999999996 0.2654728424610192 0.6285650713772519 0.10596208616172886
16.399999999999963 0.2616286565150905 0.6305091527540644 0.10786219073084513
16.499999999999964 0.25785055847012367 0.6323209987000826 0.10982844282979376
16.599999999999966 0.25413925637078133 0.6339986676419063 0.11186207598731235
16.699999999999967 0.250495402833456 0.6355402694523755 0.11396432771416842
16.79999999999997 0.24691959688970463 0.6369439668156847 0.11613643629461068
16.89999999999997 0.2434123858954982 0.6382079767475294 0.11837963735697243
16.99999999999997 0.23997426750016823 0.6393305722830778 0.12069516021675397
17.099999999999973 0.23660569166902962 0.6403100843448128 0.12308422398615759
17.199999999999974 0.23330706275378055 0.6411449038014206 0.1255480334447988
17.299999999999976 0.23007874160492114 0.641833483727883 0.1280877746671959
17.399999999999977 0.22692104772059224 0.6423743418757788 0.1307046104036289
17.49999999999998 0.22383426142641064 0.6427660633614944 0.13339967521209495
17.59999999999998 0.2208186260810648 0.6430073035785934 0.1361740703403418
17.69999999999998 0.21787435030263444 0.6430967913389937 0.13902885835837187
17.799999999999983 0.21500161021080363 0.6430333322458504 0.14196505754334598
17.899999999999984 0.21220055168035168 0.6428158122991366 0.14498363602051167
17.999999999999986 0.2094712926015216 0.6424432017328648 0.14808550566561351
18.099999999999987 0.20681392514308639 0.6419145590806944 0.15127151577621922
18.19999999999999 0.20422851801415048 0.6412290354643331 0.15454244652151639
18.29999999999999 0.20171511872094136 0.6403858790966726 0.15789900218238606
18.39999999999999 0.19927375581505719 0.6393844399890024 0.16134180419594035
18.499999999999993 0.19690444112984337 0.6382241748489461 0.1648713840212105
18.599999999999994 0.194607172001769 0.6369046521529599 0.1684881758452711
18.699999999999996 0.19238193347386415 0.6354255573743542 0.17219250915178164
18.799999999999997 0.19022870047845727 0.633786698344861 0.1759846011766817
18.9 0.1881474399966197 0.6319880107247883 0.17986454927859208
19.0 0.18613811319187717 0.630029563553823 0.18383232325429988
19.1 0.18420067751588912 0.6279115648515695 0.1878877576325414
19.200000000000003 0.18233508878391955 0.6256343672339976 0.19203054398208286
19.300000000000004 0.18054130321803244 0.6231984735091393 0.19626022327282833
19.400000000000006 0.17881927945603504 0.6206045422126657 0.20057617833129926
19.500000000000007 0.17716898052426616 0.6178533930414275 0.20497762643430628
19.60000000000001 0.17559037577238132 0.614946012140699 0.20946361208691966
19.70000000000001 0.1740834427683225 0.6118835571987705 0.21403300003290704
19.80000000000001 0.172648169151677 0.6086673623007262 0.21868446854759682
19.900000000000013 0.17128455444362675 0.6052989424917754 0.22341650306459782
20.000000000000014 0.16999261181166567 0.601779997999414 0.22822739018892035
20.100000000000016 0.16877236978721977 0.5981124180630175 0.23311521214976272
20.200000000000017 0.16762387393424033 0.5942982843192655 0.23807784174649416
20.30000000000002 0.16654718846675592 0.5903398736920791 0.24311293784116494
20.40000000000002 0.16554239781326482 0.5862396607365836 0.24821794145015152
20.50000000000002 0.16460960812572378 0.5820003193879857 0.25339007248629053
20.600000000000023 0.1637489487307443 0.5776247240682265 0.2586263272010292
20.700000000000024 0.16296057352044263 0.5731159501058386 0.2639234763737187
20.800000000000026 0.16224466228020604 0.5684772734276087 0.26927806429218526
20.900000000000027 0.16160142195043434 0.5637121694844335 0.27468640856513216
21.00000000000003 0.16103108781909553 0.5588243113781358 0.2801446008027687
21.10000000000003 0.16053392464169558 0.5538175671609677 0.28564850819733667
21.20000000000003 0.16011022768500785 0.5486959962850397 0.29119377602995244
21.300000000000033 0.1597603236906376 0.5434638451849313 0.29677583112443107
21.400000000000034 0.1594845717542126 0.5381255419832209 0.30238988626256647
21.500000000000036 0.15928336411569344 0.5326856903155519 0.30803094556875465
21.600000000000037 0.15915712685598946 0.5271490622790611 0.3136938108649494
21.70000000000004 0.1591063204947473 0.5215205905154623 0.31937308898979044
21.80000000000004 0.15913144048385452 0.5158053594477034 0.325063200068442
21.90000000000004 0.15923301759086933 0.5100085956968226 0.33075838671230806
22.000000000000043 0.15941161816625415 0.5041356577133056 0.33645272412044025
22.100000000000044 0.15966784428795713 0.4981920246648042 0.34214013104723867
22.200000000000045 0.1600023337765549 0.4921832846293976 0.3478143815940475
22.300000000000047 0.16041576007384567 0.4861151221505765 0.3534691177755779
22.40000000000005 0.16090883197746744 0.47999330521669176 0.35909786280584083
22.50000000000005 0.161482293223816 0.47382367173364043 0.36469403504254355
22.60000000000005 0.16213692191125598 0.46761211556497945 0.3702509625237646
22.700000000000053 0.1628735297553601 0.46136457221836624 0.3757618980262737
22.800000000000054 0.163692961167682 0.4550870042611628 0.38122003457115516
22.900000000000055 0.16459609214937374 0.44878538655113887 0.38661852129948737
23.000000000000057 0.1655838289908032 0.4424656913704239 0.39195047963877294
23.10000000000006 0.16665710676822 0.43613387355214844 0.39720901967963157
23.20000000000006 0.16781688762846342 0.42979585568956735 0.4023872566819693
23.30000000000006 0.1690641588527142 0.42345751351685984 0.40747832763042596
23.400000000000063 0.1703999306903664 0.41712466154926636 0.41247540776036723
23.500000000000064 0.17182523395425015 0.410803039067774 0.4173717269779759
23.600000000000065 0.17334111736867253 0.40449829653023855 0.4221605861010889
23.700000000000067 0.17494864466207677 0.3982159824866857 0.42683537285123757
23.800000000000068 0.17664889139655382 0.39196153107162995 0.4313895775318162
23.90000000000007 0.17844294152698617 0.3857402501406628 0.43581680833235104
24.00000000000007 0.18033188368327063 0.3795573101123785 0.44011080620435095
24.100000000000072 0.1823168071698611 0.37341773357001457 0.44426545926012434
24.200000000000074 0.18439879767780593 0.36732638567008846 0.44827481665210567
24.300000000000075 0.1865789327055326 0.3612879653979053 0.4521331018965621
24.400000000000077 0.18885827668586383 0.3553069977022068 0.45583472561192934
24.500000000000078 0.1912378758181401 0.3493878265335202 0.4593742976483397
24.60000000000008 0.19371875260588134 0.3435346088030587 0.46274663859105997
24.70000000000008 0.19630190010214496 0.33775130927140945 0.46594679062644556
24.800000000000082 0.19898827586663856 0.33204169636881736 0.46897002776454405
24.900000000000084 0.20177879564071735 0.3264093389417153 0.47181186541756737
25.000000000000085 0.20467432674864344 0.32085760391333723 0.47446806933801927
25.100000000000087 0.20767568123590008 0.3153896548398504 0.47693466392424955
25.200000000000088 0.21078360875793495 0.3100084513375102 0.4792079399045549
25.30000000000009 0.213998789235443 0.3047167493509249 0.48128446141363207
25.40000000000009 0.21732182529518015 0.2995171022276512 0.4831610724771686
25.500000000000092 0.22075323451830947 0.2944118625600572 0.4848349029216334
25.600000000000094 0.22429344152140124 0.2894031847516959 0.4863033737269028
25.700000000000095 0.227942769898418 0.284493028262342 0.48756420183924
25.800000000000097 0.2317014340552858 0.27968316148335226 0.488615404461362
25.900000000000098 0.23556953097195532 0.2749751661931059 0.48945530283493877
26.0000000000001 0.23954703193015708 0.27037044254094783 0.49008252552889503
26.1000000000001 0.24363377424831298 0.2658702145072678 0.4904960112444192
26.200000000000102 0.2478294530682443 0.2614755357870765 0.49069501114467917
26.300000000000104 0.25213361324136374 0.2571872960446457 0.4906790907139906
26.400000000000105 0.25654564136491076 0.25300622748742885 0.4904481311476604
26.500000000000107 0.2610647580214336 0.24893291170852802 0.49000233027003837
26.600000000000108 0.2656900102770825 0.24496778674838096 0.48934220297453657
26.70000000000011 0.27042026449630463 0.24111115432806282 0.4884685811756325
26.80000000000011 0.27525419953216484 0.23736318720858854 0.4873826132592466
26.900000000000112 0.2801903003527027 0.23372393663281926 0.4860857630144781
27.000000000000114 0.28522685216442345 0.23019333980897733 0.4845798080265992
27.100000000000115 0.2903619350941536 0.22677122739731842 0.48286683750852805
27.200000000000117 0.29559341949002904 0.22345733096415887 0.4809492495458121
27.300000000000118 0.30091896190127587 0.22025129037017258 0.4788297477285516
27.40000000000012 0.3063360017946618 0.2171526610626247 0.4765113371427135
27.50000000000012 0.3118417590630056 0.21416092124396546 0.47399731969302894
27.600000000000122 0.3174332323779164 0.21127547889194132 0.47129128873014237
27.700000000000124 0.3231071984349837 0.20849567860906718 0.46839712295594915
27.800000000000125 0.32886021213495215 0.2058208082819209 0.4653189795831269
27.900000000000126 0.3346886077390077 0.203250105533253 0.46206128672773933
28.000000000000128 0.3405885010301988 0.20078276395233363 0.4586287350174676
28.10000000000013 0.34655579250625324 0.19841793909127323 0.4550262684024735
28.20000000000013 0.35258617162168754 0.1961547542172454 0.45125907416106703
28.300000000000132 0.3586751220891951 0.193992305812598 0.447332572098207
28.400000000000134 0.36481792824193277 0.19192966881676235 0.44325240294130486
28.500000000000135 0.3710096824495799 0.18996590160565283 0.43902441594476727
28.600000000000136 0.3772452935720309 0.18810005070589098 0.43465465572207806
28.700000000000138 0.383519496425404 0.18633115524269012 0.4301493483319058
28.80000000000014 0.389826862225828 0.18465825112159925 0.42551488665257264
28.90000000000014 0.3961618099673299 0.18308037494553206 0.42075781508713805
29.000000000000142 0.40251861868121264 0.18159656766960316 0.41588481364918417
29.100000000000144 0.40889144051571813 0.18020587799726243 0.41090268148701947
29.200000000000145 0.4152743145666411 0.17890736552206657 0.40581831991129236
29.300000000000146 0.42166118138201814 0.17770010362016084 0.400638714997821
29.400000000000148 0.42804589805718324 0.1765831820991681 0.3953709198436486
29.50000000000015 0.43442225383046085 0.17555570960970635 0.3900220365598328
29.60000000000015 0.4407839860846614 0.17461681582618457 0.384599198089154
29.700000000000152 0.4471247966554311 0.1737656534038678 0.3791095499407012
29.800000000000153 0.4534383683444582 0.17300139971946268 0.373560231936079
29.900000000000155 0.45971838153360317 0.17232325840266227 0.3679583600637345
30.000000000000156 0.4659585307952265 0.17173046066620737 0.3623110085385661
30.100000000000158 0.4721525413943579 0.17122226644208227 0.3566251921635598
30.20000000000016 0.47829418557986847 0.1707979653314669 0.3509078490886646
30.30000000000016 0.48437729856445316 0.17045687737602497 0.3451658240595218
30.400000000000162 0.49039579409695894 0.17019835365802186 0.3394058522450192
30.500000000000163 0.4963436795353412 0.17002177673664445 0.3336345437280144
30.600000000000165 0.5022150703342199 0.16992656092774072 0.3278583687380394
30.700000000000166 0.5080042038675461 0.16991215243401606 0.3220836436984379
30.800000000000168 0.513705452514172 0.16997802933252087 0.31631651815330714
30.90000000000017 0.51931333594203 0.1701237014260425 0.3105629626319275
31.00000000000017 0.5248225325350456 0.17034870996477955 0.3048287575001748
31.100000000000172 0.5302278899157112 0.17065262724443117 0.29911948283985756
31.200000000000173 0.535524434525295 0.1710350560865816 0.29344050938812344
31.300000000000175 0.5407073802328364 0.1714956292070035 0.2877969905601601
31.400000000000176 0.5457721359532477 0.17203400847724684 0.2821938555695055
31.500000000000178 0.5507143122638848 0.17264988408462373 0.2766358036514915
31.60000000000018 0.5555297270177579 0.17334297359544865 0.2711272993867934
31.70000000000018 0.5602144099600176 0.17411302092614786 0.2656725691138345
31.800000000000182 0.5647646063623744 0.17495979522661442 0.2602755984110112
31.900000000000183 0.5691767796976205 0.17588308967995872 0.2549401306224208
32.000000000000185 0.5734476133833366 0.17688272022258866 0.24966966639407473
32.100000000000186 0.5775740116301378 0.17795852418835145 0.24446746418151077
32.20000000000019 0.5815530994353929 0.17911035888028104 0.23933654168432605
32.30000000000019 0.5853822217682116 0.1803381000733228 0.23427967815846557
32.40000000000019 0.5890589419956128 0.18164164045125133 0.22929941755313585
32.50000000000019 0.5925810396031659 0.18302088798085847 0.22439807241597565
32.60000000000019 0.5959465072660342 0.18447576422636777 0.21957772850759807
32.700000000000195 0.5991535473282668 0.18600620260693046 0.21484025006480278
32.800000000000196 0.602200567749402 0.18761214659997377 0.21018728565062422
32.9000000000002 0.6050861775780045 0.18929354789310954 0.20562027452888593
33.0000000000002 0.6078091820116863 0.19105036448726637 0.2011404535010473
33.1000000000002 0.6103685771025199 0.19288255875368385 0.19674886414379625
33.2000000000002 0.6127635441655753 0.19479009544740197 0.1924463603870227
33.3000000000002 0.6149934439466668 0.1967729396798929 0.18823361637344033
33.400000000000205 0.6170578106033229 0.19883105485351477 0.18411113454316236
33.500000000000206 0.6189563455505643 0.20096440056051895 0.1800792538889167
33.60000000000021 0.6206889112203281 0.20317293044941123 0.17613815833026067
33.70000000000021 0.6222555247803802 0.20545659006155387 0.17228788515806598
33.80000000000021 0.6236563518553604 0.20781531464099862 0.168528333503641
33.90000000000021 0.6248917002892496 0.21024902692065933 0.1648592727900911
34.00000000000021 0.6259620139850948 0.21275763488806576 0.16128035112683947
34.100000000000215 0.6268678668543097 0.2153410295340863 0.15779110361160398
34.200000000000216 0.6276099569043325 0.21799908258816622 0.15439096050750126
34.30000000000022 0.6281891004898998 0.22073164424379624 0.15107925526630392
34.40000000000022 0.6286062267497274 0.22353854087810446 0.1478552323721681
34.50000000000022 0.6288623722469928 0.2264195727696503 0.14471805498335688
34.60000000000022 0.6289586758287256 0.22937451181868931 0.14166681235258513
34.70000000000022 0.628896373716048 0.23240309927437267 0.13870052700957933
34.800000000000225 0.6286767948341838 0.23550504347354123 0.13581816169227495
34.900000000000226 0.6283013563882884 0.23868001759597016 0.1330186260157414
35.00000000000023 0.6277715596884593 0.24192765744111247 0.1303007828704282
35.10000000000023 0.6270889862247627 0.24524755923157907 0.1276634545436582
35.20000000000023 0.6262552939907786 0.24863927744877334 0.12510542856044804
35.30000000000023 0.6252722140520152 0.2521023227062696 0.12262546324171525
35.40000000000023 0.6241415473535842 0.2556361596666842 0.12022229297973164
35.500000000000234 0.6228651617597539 0.25924020500793266 0.11789463323231342
35.600000000000236 0.6214449893164117 0.26291382544489356 0.11564118523869477
35.70000000000024 0.619883023726062 0.26665633581260756 0.11346064046133048
35.80000000000024 0.6181813180237659 0.2704669972172265 0.11135168475900764
35.90000000000024 0.6163419824413745 0.274345015260988 0.10931300229763752
36.00000000000024 0.6143671824465287 0.27828953834752584 0.1073432792059455
36.10000000000024 0.6122591369421774 0.2822996560738322 0.10544120698399045
36.200000000000244 0.6100201166118049 0.2863743977151607 0.1036054856730344
36.300000000000246 0.6076524423951373 0.2905127308091027 0.10183482679576
36.40000000000025 0.6051584840788272 0.2947135598449719 0.1001279560762009
36.50000000000025 0.6025406589864729 0.2989757250645051 0.098483615949022
36.60000000000025 0.599801430752313 0.30329800137971696 0.09690056786797008
36.70000000000025 0.5969433081630416 0.3076790974135384 0.09537759442341998
36.80000000000025 0.5939688440524067 0.31211765466862235 0.09391350127897097
36.900000000000254 0.5908806342335684 0.3166122468294122 0.0925071189370194
37.000000000000256 0.587681316454618 0.32116137920223903 0.09115730434314301
37.10000000000026 0.5843735693631593 0.32576348829784674 0.08986294233899395
37.20000000000026 0.5809601114664471 0.330416941560333 0.08862294697321987
37.30000000000026 0.5774437000742395 0.3351200372460482 0.08743626267971227
37.40000000000026 0.5738271302122603 0.3398710044555073 0.08630186533223244
37.50000000000026 0.5701132334949597 0.3446680033208487 0.08521876318419164
37.600000000000264 0.5663048769471176 0.3495091253508186 0.08418599770206381
37.700000000000266 0.5624049617647329 0.35439239393467037 0.08320264430059676
37.80000000000027 0.5584164220065859 0.3593157650057549 0.08226781298765917
37.90000000000027 0.5543422232088421 0.36427712786493427 0.08138064892622365
38.00000000000027 0.5501853609160683 0.3692743061632894 0.08054033292064233
38.10000000000027 0.5459488591230681 0.3743050590429108 0.0797460818340211
38.20000000000027 0.5416357686229843 0.3793670824338666 0.07899714894314908
38.300000000000274 0.5372491652581723 0.3844580105047393 0.07829282423708833
38.400000000000276 0.5327921480714056 0.3895754172634153 0.07763243466517905
38.50000000000028 0.5282678373560269 0.3947168183041033 0.07701534433986978
38.60000000000028 0.5236793726047002 0.3998796726958601 0.07644095469943968
38.70000000000028 0.5190299103574466 0.4050613850072104 0.075908704635343
38.80000000000028 0.5143226219506474 0.41025930746077854 0.07541807058857408
38.90000000000028 0.5095606911696721 0.41547074221119945 0.07496856661912848
39.000000000000284 0.5047473118087304 0.4206929437389549 0.07455974445231467
39.100000000000286 0.499885685142442 0.42592312135219507 0.0741911935053629
39.20000000000029 0.4949790173144735 0.4311584417880547 0.07386254089747185
39.30000000000029 0.4900305166493948 0.43639603190446835 0.07357345144613686
39.40000000000029 0.48504339089465176 0.441632981453033 0.07332362765231526
39.50000000000029 0.4800208444002426 0.4468663459230606 0.07311280967669676
39.60000000000029 0.4749660752443075 0.4520931494466186 0.07294077530907395
39.700000000000294 0.46988227231340013 0.45731038775406774 0.07280733993253208
39.800000000000296 0.4647726123466981 0.4625150311693871 0.07271235648391483
39.9000000000003 0.45964025695382477 0.4677040276344195 0.0726557154117558
40.0000000000003 0.45448834961629964 0.47287430575108624 0.07263734463261406
40.1000000000003 0.4493200126829011 0.4780227778306047 0.07265720948649418
40.2000000000003 0.4441383443694203 0.4831463429388013 0.07271531269177844
40.3000000000003 0.4389464157734004 0.4882418899267431 0.07281169429985646
40.400000000000304 0.4337472679145006 0.49330630043611523 0.07294643164938419
40.500000000000306 0.42854390881109145 0.49833645186904973 0.07311963931985888
40.60000000000031 0.4233393106035864 0.5033292203124591 0.07333146908395449
40.70000000000031 0.41813640673484115 0.5082814834073468 0.073582109857812
40.80000000000031 0.4129380891977127 0.5131901231540561 0.07387178764823121
40.90000000000031 0.4077472058595676 0.5180520286449676 0.07420076549546484
41.00000000000031 0.40256655787316276 0.5228640987167742 0.07456934341006305
41.100000000000314 0.3973988971829053 0.5276232445151334 0.07497785830196135
41.200000000000315 0.39224692413502427 0.5323263919652257 0.07542668389975005
41.30000000000032 0.3871132851996712 0.5369704841425267 0.07591623065780206
41.40000000000032 0.38200057081240396 0.5415524835389243 0.07644694564867183
41.50000000000032 0.37691131334191497 0.5460693742201772 0.07701931243790783
41.60000000000032 0.37184798519023504 0.5505181638716129 0.07763385093815212
41.70000000000032 0.3668129970309928 0.5548958857298896 0.07829111723911764
41.800000000000324 0.361808696190635 0.559199600399607 0.07899170340975792
41.900000000000325 0.3568373651768273 0.5634263975545197 0.07973623726865298
42.00000000000033 0.35190122035755705 0.567573397524095 0.08052538211834792
42.10000000000033 0.3470024107937603 0.5716377527671519 0.08135983643908773
42.20000000000033 0.34214301722759666 0.5756166492353115 0.08224033353709181
42.30000000000033 0.3373250512278027 0.5795073076299796 0.08316764114221764
42.40000000000033 0.33255045449287574 0.5833069845575639 0.08414256094956041
42.500000000000334 0.32782109831217243 0.5870129735885925 0.08516592809923507
42.600000000000335 0.3231387831843644 0.5906226062273432 0.08623861058829241
42.70000000000034 0.3185052385920695 0.5941332527995099 0.08736150860842062
42.80000000000034 0.3139221229308852 0.5975423232663175 0.08853555380279732
42.90000000000034 0.30939102359048565 0.6008472679743424 0.08976170843517195
43.00000000000034 0.30491345718491447 0.6040455783511004 0.09104096446398513
43.10000000000034 0.30049086992870844 0.607134787557221 0.09237434251407062
43.200000000000344 0.29612463815503104 0.6101124711067293 0.09376289073823962
43.300000000000345 0.29181606897157286 0.6129762474676053 0.09520768356082188
43.40000000000035 0.287566401049598 0.6157237786553705 0.0967098202950315
43.50000000000035 0.283376805541175 0.618352770832972 0.09827042362585303
43.60000000000035 0.27924838711933214 0.6208609749306743 0.09989063794999364
43.70000000000035 0.27518218513562 0.6232461873000382 0.1015716275643418
43.80000000000035 0.27117917488934523 0.6255062504163511 0.10331457469430361
43.900000000000354 0.2672402690025629 0.6276390536440662 0.10512067735337083
44.000000000000355 0.2633663188947748 0.6296425340799214 0.10699114702530377
44.10000000000036 0.2595581163511801 0.6315146774884086 0.1089272061604113
44.20000000000036 0.25581639517826 0.633253519344178 0.11093008547756211
44.30000000000036 0.25214183294044573 0.634857145995755 0.11300102106379928
44.40000000000036 0.24853505277162224 0.6363236959646393 0.11514125126373842
44.50000000000036 0.24499662525525165 0.637651361393419 0.11735201335132928
44.600000000000364 0.24152707036696155 0.6388383896559853 0.1196345399770532
44.700000000000365 0.2381268594735302 0.6398830851422462 0.12199005538422358
44.80000000000037 0.23479641738231144 0.6407838112289304 0.12441977138875826
44.90000000000037 0.2315361244352746 0.6415389924471144 0.12692488311761096
45.00000000000037 0.22834631864198668 0.6421471168560241 0.12950656450198916
45.10000000000037 0.22522729784603115 0.6426067386314172 0.13216596352255172
45.20000000000037 0.22217932191954132 0.6429164808754766 0.13490419720498203
45.300000000000374 0.21920261498071944 0.6430750386536092 0.13772234636567138
45.400000000000375 0.2162973676294172 0.6430811822618597 0.14062145010872307
45.50000000000038 0.21346373919606318 0.6429337607268182 0.1436025000771186
45.60000000000038 0.21070185999943924 0.6426317055379112 0.1466664344626496
45.70000000000038 0.2080118336090258 0.6421740346098391 0.14981413178113512
45.80000000000038 0.20539373910785497 0.6415598564706455 0.15304640442149953
45.90000000000038 0.20284763335202782 0.6407883746684943 0.15636399197947792
46.000000000000384 0.200373553223267 0.6398588923876939 0.1597675543890391
46.100000000000385 0.19797151787108383 0.6387708172618509 0.16325766486706528
46.20000000000039 0.19564153094134262 0.6375236663692776 0.16683480268937978
46.30000000000039 0.19338358278819742 0.6361170713929305 0.17049934581887205
46.40000000000039 0.1911976526665613 0.6345507839242424 0.17425156340919634
46.50000000000039 0.1890837109024405 0.6328246808872469 0.17809160821031267
46.60000000000039 0.18704172103862549 0.6309387700564094 0.1820195089049651
46.700000000000394 0.1850716419533777 0.6288931956385978 0.18603516240802453
46.800000000000395 0.18317342994988164 0.6266882438866809 0.1901383261634375
46.9000000000004 0.18134704081434808 0.6243243487093698 0.19432861047628214
47.0000000000004 0.1795924318407525 0.6218020972391449 0.1986054709201026
47.1000000000004 0.17790956382027484 0.6191222353174852 0.20296820086224
47.2000000000004 0.1762984029935699 0.6162856728541781 0.20741592415225196
47.3000000000004 0.17475892296404202 0.6132934890152717 0.21194758802068625
47.400000000000404 0.1732911065703235 0.6101469371922884 0.21656195623738805
47.500000000000405 0.17189494771616207 0.6068474497036915 0.22125760258014637
47.600000000000406 0.1705704531559081 0.6033966421783267 0.2260329046657652
47.70000000000041 0.16931764423375853 0.5997963175696918 0.23088603819654974
47.80000000000041 0.16813655857485926 0.5960484697494676 0.2358149716756731
47.90000000000041 0.16702725172629307 0.592155286628797 0.2408174616449099
48.00000000000041 0.16598979874588413 0.5881191527563822 0.2458910484977337
48.10000000000041 0.16502429573663496 0.5839426513435895 0.2510330529197755
48.200000000000415 0.16413086132447485 0.5796285656684578 0.2562405730070674
48.300000000000416 0.16330963807684357 0.5751798798127946 0.2615104821103619
48.40000000000042 0.16256079385945846 0.5705997786894466 0.266839427451095
48.50000000000042 0.1618845231284189 0.5658916473203368 0.27222382955124425
48.60000000000042 0.16128104815458877 0.5610590693299748 0.2776598825154364
48.70000000000042 0.160750620176968 0.5561058246238426 0.28314355519918943
48.80000000000042 0.16029352048151582 0.5510358862263268 0.2886705932921574
48.900000000000425 0.15991006140162586 0.54585341625866 0.2942365223397141
49.000000000000426 0.159600587236175 0.5405627610436122 0.2998366517202128
49.10000000000043 0.15936547508077603 0.5351684453303782 0.30546607958884575
49.20000000000043 0.1592051355675609 0.5296751656401787 0.3111196987922604
49.30000000000043 0.1591200135085081 0.52408778274045 0.3167922037510419
49.40000000000043 0.1591105884370038 0.518411313263063 0.32247809829993324
49.50000000000043 0.1591773750419997 0.5126509204896937 0.32817170446830657
49.600000000000435 0.1593209234887965 0.5068119043351709 0.3338671721760327
49.700000000000436 0.15954181962014832 0.5008996905672498 0.33955848981260184
49.80000000000044 0.15984068503105126 0.49491981930870427 0.34523949566024453
49.90000000000044 0.1602181770102512 0.48887793287478654 0.35090389011496226
50.00000000000044 0.16067498834118718 0.48277976300587544 0.35654524865293735
50.10000000000044 0.16121184695477886 0.47663111756141946 0.3621570354838017
50.20000000000044 0.16182951542617685 0.47043786674698634 0.3677326178268368
50.300000000000445 0.16252879030732498 0.46420592895127183 0.37326528074140325
50.400000000000446 0.16331050128694025 0.4579412562742169 0.37874824243884286
50.50000000000045 0.1641755101693052 0.45164981983086827 0.3841746699998265
50.60000000000045 0.16512470966309334 0.44533759491823915 0.3895376954186675
50.70000000000045 0.16615902197131835 0.4390105461341399 0.3948304318945417
50.80000000000045 0.16727939717341864 0.43267461253772954 0.4000459902888518
50.90000000000045 0.16848681139046678 0.4263356929413707 0.4051774956681626
51.000000000000455 0.169782264724538 0.41999963142226104 0.410218103853201
51.100000000000456 0.1711667789633875 0.4136722031402749 0.4151610178963376
51.20000000000046 0.17264139504178577 0.40735910054551877 0.41999950441269546
51.30000000000046 0.17420717025114882 0.40106592005532354 0.4247269096935276
51.40000000000046 0.1758651751894866 0.3947981492758288 0.4293366755346846
51.50000000000046 0.17761649044418773 0.388561154838027 0.4338223547177853
51.60000000000046 0.17946220300076846 0.3823601709122129 0.43817762608701866
51.700000000000465 0.1814034023714501 0.3762002884583101 0.44239630917023975
51.800000000000466 0.18344117643829766 0.37008644526262263 0.44647237829907965
51.90000000000047 0.1855766070066641 0.36402341680428246 0.4503999761890534
52.00000000000047 0.18781076506584615 0.35801580798713406 0.4541734269470198
52.10000000000047 0.19014470575517467 0.352068045765124 0.45778724847970137
52.20000000000047 0.19257946303524354 0.34618437268154073 0.46123616428321573
52.30000000000047 0.19511604406563063 0.340368841334781 0.46451511459958833
