0 0.32 0.21 0.47
0.1 0.32603669780729294 0.20718684127902506 0.46677646091368197
0.2 0.33215504811678354 0.20448906227910255 0.4633558896041139
0.30000000000000004 0.3383504610956766 0.20190567677220955 0.45974386213211377
0.4 0.34461808948925937 0.1994356554744942 0.45594625503624636
0.5 0.3509528350326372 0.19707793323851522 0.4519692317288476
0.6 0.3573493562808593 0.19483141589960687 0.44781922781953387
0.7 0.3638020778470547 0.1926949867700968 0.44350293538284846
0.7999999999999999 0.3703052010248487 0.19066751277751548 0.43902728619763587
0.8999999999999999 0.3768527157577752 0.18874785024513052 0.43439943399709424
0.9999999999999999 0.3834384139048415 0.1869348503151194 0.4296267357800392
1.0999999999999999 0.39005590373804067 0.18522736401646622 0.4247167322454931
1.2 0.3966986255946513 0.18362424698124052 0.4196771274241082
1.3 0.40335986859482903 0.18212436381429448 0.41451576759087655
1.4000000000000001 0.41003278832347345 0.18072659212261266 0.4092406195539139
1.5000000000000002 0.41671042536485187 0.17942982621157225 0.40385974842357586
1.6000000000000003 0.4233857245691486 0.1782329804562347 0.3983812949746167
1.7000000000000004 0.4300515549221522 0.17713499235650268 0.39281345272134516
1.8000000000000005 0.43670072988282893 0.17613482528554894 0.38716444483162216
1.9000000000000006 0.4433260280486711 0.17523147094137015 0.3814425010099588
2.0000000000000004 0.44992021400553917 0.1744239515116471 0.3756558344828137
2.1000000000000005 0.45647605921728723 0.17371132156231614 0.36981261922039665
2.2000000000000006 0.46298636281079564 0.17309266966038447 0.36392096752881986
2.3000000000000007 0.4694439721141177 0.1725671197415652 0.3579889081443171
2.400000000000001 0.4758418028092382 0.17213383223327464 0.35202436495748723
2.500000000000001 0.4821728585663635 0.17179200494343705 0.34603513649019946
2.600000000000001 0.4884302500336114 0.17154087372538476 0.34002887624100386
2.700000000000001 0.4946072130643189 0.17137971292893775 0.3340130740067434
2.800000000000001 0.5006971260737767 0.17130783564749927 0.327995038278724
2.9000000000000012 0.5066935264278694 0.17132459377072443 0.32198187980140625
3.0000000000000013 0.5125901257776525 0.17142937785200973 0.31598049637033776
3.1000000000000014 0.5183808242661495 0.17162161679972268 0.30999755893412784
3.2000000000000015 0.5240597235463842 0.17190077740074522 0.3040394990528706
3.3000000000000016 0.5296211385626917 0.17226636368455006 0.2981124977527583
3.4000000000000017 0.5350596080604608 0.1727179161356678 0.2922224758038714
3.5000000000000018 0.5403699038024675 0.1732550107620416 0.28637508543549084
3.600000000000002 0.5455470384826746 0.1738772580264075 0.28057570349091787
3.700000000000002 0.5505862723406395 0.1745843016474868 0.27482942601187366
3.800000000000002 0.5554831184913243 0.17537581727743598 0.26914106423123973
3.900000000000002 0.5602333469960225 0.17625151106167003 0.2635151419423075
4.000000000000002 0.564832987710183 0.17721111808686427 0.25795589420295273
4.100000000000001 0.5692783319530353 0.17825440072264412 0.25246726732432057
4.200000000000001 0.573565933052034 0.17938114686219933 0.2470529200857667
4.300000000000001 0.577692605822192 0.18059116806680767 0.24171622611100038
4.4 0.5816554250463397 0.18188429761902541 0.23646027733463487
4.5 0.5854517230272136 0.18326038848910017 0.23128788848368623
4.6 0.589079086286061 0.18471931121898547 0.22620160249495355
4.699999999999999 0.5925353514851729 0.1862609517281889 0.2212036967866382
4.799999999999999 0.5958186006534584 0.18788520904556538 0.21629619030097624
4.899999999999999 0.5989271557949113 0.1895919929710751 0.2114808512340136
4.999999999999998 0.6018595729596559 0.19138122167146407 0.20675920536888007
5.099999999999998 0.604614635856259 0.19325281921379117 0.20213254492994986
5.1999999999999975 0.6071913490822468 0.19520671304072068 0.1976019378770325
5.299999999999997 0.6095889310473406 0.19724283139152354 0.19316823756113588
5.399999999999997 0.6118068066609134 0.1993611006727821 0.18883209266630455
5.4999999999999964 0.6138445998516558 0.2015614427828716 0.18459395736547254
5.599999999999996 0.6157021259835019 0.20384377239439783 0.18045410162210024
5.699999999999996 0.6173793842275914 0.20620799419889882 0.17641262157350976
5.799999999999995 0.6188765499455108 0.2086540001182741 0.17246944993621513
5.899999999999995 0.6201939671343291 0.21118166648757888 0.16862436637809206
5.999999999999995 0.6213321409791056 0.2137908512140179 0.1648770078068765
6.099999999999994 0.6222917305536478 0.21648139091718643 0.16122687852916573
6.199999999999994 0.6230735417054012 0.21925309805583723 0.15767336023876158
6.299999999999994 0.6236785201555141 0.22210575804669389 0.15421572179779205
6.399999999999993 0.624107744840373 0.22503912638108675 0.15085312877854024
6.499999999999993 0.6243624215163027 0.22805292574544855 0.14758465273824872
6.5999999999999925 0.6244438766446875 0.23114684315197445 0.14440928020333807
6.699999999999992 0.6243535515705397 0.2343205270860196 0.14132592134344066
6.799999999999992 0.6240929970035287 0.23757358467707457 0.13833341831939672
6.8999999999999915 0.6236638678067092 0.2409055789004204 0.13543055329287038
6.999999999999991 0.6230679180946765 0.24431602581681877 0.13261605608850469
7.099999999999991 0.6223069966396153 0.2478043918578326 0.1298886115025521
7.19999999999999 0.6213830425807281 0.2513700911645965 0.1272468662546754
7.29999999999999 0.6202980814298139 0.25501248298806095 0.12468943558212514
7.39999999999999 0.6190542213633267 0.25873086915891225 0.12221490947776109
7.499999999999989 0.6176536497890699 0.2625244916355239 0.11982185857540623
7.599999999999989 0.6160986301737769 0.2663925301384123 0.11750883968781084
7.699999999999989 0.6143914991161761 0.270334099879755 0.11527440100406894
7.799999999999988 0.6125346636487433 0.27434824939657354 0.11311708695468314
7.899999999999988 0.6105305987501871 0.2784339584961852 0.1110354427536277
7.999999999999988 0.608381845049791 0.28259013632248153 0.10902801862772749
8.099999999999987 0.6060910067040367 0.28681561955150064 0.10709337374446265
8.199999999999987 0.6036607494254463 0.2911091707246119 0.10523007984994176
8.299999999999986 0.6010937986432949 0.295469476727433 0.10343672462927206
8.399999999999986 0.5983929377757519 0.2998951474223434 0.10171191480190472
8.499999999999986 0.5955610065930935 0.30438471444214316 0.10005427896476332
8.599999999999985 0.5926008996518828 0.3089366301520341 0.09846247019608312
8.699999999999985 0.5895155647804226 0.3135492667866673 0.09693516843291017
8.799999999999985 0.5863080015963452 0.3182209157685091 0.0954710826351457
8.899999999999984 0.5829812600378922 0.3229497872132275 0.09406895274888033
8.999999999999984 0.5795384388912538 0.32773400962719107 0.09272755148155515
9.099999999999984 0.5759826842972662 0.3325716298015095 0.09144568590122432
9.199999999999983 0.5723171882217938 0.3374606129063257 0.09022219887188054
9.299999999999983 0.568545186875247 0.3423988427883013 0.08905597033645168
9.399999999999983 0.5646699590678871 0.34738412247342276 0.08794591845869015
9.499999999999982 0.5606948244888422 0.3524141748763965 0.0868910006347613
9.599999999999982 0.5566231418980905 0.3574866437170082 0.0858902143849013
9.699999999999982 0.5524583072220437 0.3625990946428943 0.084942598135062
9.799999999999981 0.5482037515447846 0.36774901655721987 0.08404723189799551
9.89999999999998 0.543862938988454 0.3729338231487889 0.08320323786275713
9.99999999999998 0.5394393644777454 0.3781508546211269 0.08240978090112766
10.09999999999998 0.5349365513849326 0.3833973796160894 0.08166606899897805
10.19999999999998 0.5303580490533172 0.3886705973265657 0.08097135362011709
10.29999999999998 0.5257074301984352 0.39396763979187455 0.08032493000969021
10.399999999999979 0.5209882881877834 0.39928557436849355 0.07972613744372303
10.499999999999979 0.516204234201218 0.4046214063678427 0.07917435943093931
10.599999999999978 0.5113588942755269 0.40997208185194933 0.07866902387252372
10.699999999999978 0.506455906237971 0.4153344905769814 0.0782096031850476
10.799999999999978 0.5014989165348226 0.42070546907384293 0.07779561439133448
10.899999999999977 0.4964915769620992 0.42608180385429434 0.07742661918360644
10.999999999999977 0.4914375413067754 0.43146023473039913 0.07710222396282546
11.099999999999977 0.48634046190776364 0.43683745823450837 0.07682207985772804
11.199999999999976 0.48120398614687176 0.4422101311264892 0.07658588272663902
11.299999999999976 0.47603175288076566 0.4475748739744835 0.07639337314475092
11.399999999999975 0.47082738882568864 0.4529282747951553 0.07624433637915606
11.499999999999975 0.46559450490730897 0.45826689273915633 0.07613860235353476
11.599999999999975 0.4603366925885792 0.4635872618074065 0.07607604560401426
11.699999999999974 0.4550575201888978 0.4688858945837615 0.07605658522734071
11.799999999999974 0.4497605292081592 0.4741592859697159 0.07608018482212486
11.899999999999974 0.4444492306694662 0.47940391690697354 0.07614685242356029
11.999999999999973 0.43912710149435785 0.4846162580740082 0.07625664043163394
12.099999999999973 0.43379758092437876 0.48979277354313056 0.07640964553249063
12.199999999999973 0.4284640670026835 0.49492992438507677 0.07660600861223965
12.299999999999972 0.42312991312914033 0.5000241722087323 0.07684591466212731
12.399999999999972 0.4177984247020676 0.5050719826243021 0.07712959267363029
12.499999999999972 0.4124728558593198 0.5100698286190257 0.07745731552165447
12.599999999999971 0.40715640633093503 0.5150141938354167 0.07782939983364834
12.69999999999997 0.4018522184149706 0.5199015757429618 0.07824620584206754
12.79999999999997 0.39656337408750075 0.5247284886952556 0.07870813721724368
12.89999999999997 0.3912928922570272 0.5294914668656476 0.07921564087732524
12.99999999999997 0.38604372617277705 0.5341870670556507 0.07976920677157229
13.09999999999997 0.38081876099553513 0.5388118713715749 0.08036936763288993
13.199999999999969 0.3756208115387897 0.5433624897661234 0.08101669869508688
13.299999999999969 0.3704526201870702 0.547835562442987 0.08171181736994282
13.399999999999968 0.3653168549974301 0.5522277621238092 0.08245538287876064
13.499999999999968 0.3602161079890866 0.5565357961782443 0.08324809583266901
13.599999999999968 0.35515289362527896 0.560756408619196 0.08409069775552502
13.699999999999967 0.35012964749045783 0.5648863819666864 0.08498397054285578
13.799999999999967 0.34514872516497364 0.5689225389851679 0.0859287358498585
13.899999999999967 0.3402124012985042 0.5728617443004249 0.08692585440107092
13.999999999999966 0.33532286888255364 0.576700905903538 0.08797622521390847
14.099999999999966 0.33048223872147253 0.5804369765506563 0.08908078472787118
14.199999999999966 0.3256925391006033 0.5840669550685742 0.09024050583082244
14.299999999999965 0.3209557156493415 0.5875878875772894 0.09145639677336914
14.399999999999965 0.3162736313961387 0.5909968686418553 0.09272949996200597
14.499999999999964 0.31164806701174835 0.5942910423669006 0.09406089062135115
14.599999999999964 0.3070807212363467 0.5974676034481758 0.09545167531547749
14.699999999999964 0.3025732114855377 0.6005237981963906 0.0969029903180717
14.799999999999963 0.29812707462968874 0.6034569255494131 0.09841599982089821
14.899999999999963 0.2937437679405329 0.6062643380896187 0.09999189396984842
14.999999999999963 0.2894246701985199 0.608943443083772 0.10163188671770806
15.099999999999962 0.2851710829540038 0.6114917035633193 0.10333721348267699
15.199999999999962 0.28098423193501576 0.6139066394633272 0.105109128601657
15.299999999999962 0.27686526859408767 0.6161858288385399 0.10694890256737244
15.399999999999961 0.2728152717863641 0.6183269091751143 0.10885781903852154
15.499999999999961 0.2688352495710673 0.6203275788165444 0.11083717161238826
15.59999999999996 0.2649261411282557 0.6221855985220698 0.11288826034967447
15.69999999999996 0.26108881878274354 0.6238987931754948 0.11501238804176162
15.79999999999996 0.2573240901270224 0.6254650536617998 0.11721085621117777
15.89999999999996 0.2536327002350415 0.6268823389282039 0.11948496083675464
15.99999999999996 0.2500153339587614 0.6281486782454332 0.1218359877958054
16.09999999999996 0.2464726182994907 0.6292621736838506 0.12426520801665863
16.19999999999996 0.24300512484614317 0.6302210028178057 0.1267738723360512
16.29999999999996 0.2396133722727134 0.6310234216700661 0.12936320605722051
16.399999999999963 0.2362978288874538 0.6316677679064854 0.13203440320606086
16.499999999999964 0.23305891522644673 0.6321524642891428 0.13478862048441043
16.599999999999966 0.2298970066844942 0.6324760223940663 0.1376269709214395
16.699999999999967 0.22681243617649396 0.6326370465973017 0.14055051722620437
16.79999999999997 0.2238054968227291 0.6326342383305465 0.14356026484672435
16.89999999999997 0.22087644465176648 0.6324664006048024 0.1466571547434311
16.99999999999997 0.21802550131493367 0.632132442797544 0.1498420558875223
17.099999999999973 0.21525285680662062 0.6316313856957567 0.15311575749762263
17.199999999999974 0.2125586721849299 0.6309623667838657 0.1564789610312043
17.299999999999976 0.20994308228747272 0.6301246457620956 0.1599322719504317
17.399999999999977 0.20740619843737562 0.629117610277172 0.16347619128545243
17.49999999999998 0.2049481111348231 0.6279407818435301 0.16711110702164678
17.59999999999998 0.20256889272970877 0.6265938219293633 0.1708372853409279
17.69999999999998 0.20026860007120326 0.6250765381779525 0.17465486175084421
17.799999999999983 0.19804727713026749 0.6233888907308073 0.17856383213892524
17.899999999999984 0.19590495759134086 0.6215309986152595 0.18256404379339963
17.999999999999986 0.19384166740961847 0.6195031461553255 0.18665518643505596
18.099999999999987 0.1918574273304932 0.6173057893609455 0.19083678330856135
18.19999999999999 0.18995225536787863 0.6149395622471665 0.19510818238495486
18.29999999999999 0.18812616923824535 0.6124052830315208 0.19946854773023392
18.39999999999999 0.18637918874729542 0.609703960154815 0.2039168510978896
18.499999999999993 0.18471133812626514 0.6068367980678567 0.2084518638058781
18.599999999999994 0.1831226483148866 0.6038052027243574 0.213072148960756
18.699999999999996 0.18161315918805077 0.6006107867184292 0.21777605409352008
18.799999999999997 0.18018292172319947 0.5972553740038002 0.22256170427300026
18.9 0.17883200010543054 0.5937410041311607 0.22742699576340875
19.0 0.1775604737672293 0.5900699359399778 0.23236959029279292
19.1 0.17636843935963953 0.5862446506417355 0.237386909998625
19.200000000000003 0.17525601265155927 0.5822678542328932 0.2424761331155476
19.300000000000004 0.17422333035369209 0.5781424791779701 0.2476341904683378
19.400000000000006 0.17327055186350054 0.5738716853060563 0.25285776283044326
19.500000000000007 0.1723978609273002 0.5694588598677514 0.2581432792049484
19.60000000000001 0.1716054672153966 0.5649076167040455 0.26348691608055785
19.70000000000001 0.17089360780590854 0.5602217944839545 0.26888459771013695
19.80000000000001 0.17026254857263662 0.5554054539738045 0.27433199745355896
19.900000000000013 0.16971258547203225 0.5504628743078737 0.27982454022009406
20.000000000000014 0.1692440457239956 0.545398548237592 0.2853574060384123
20.100000000000016 0.16885728888088894 0.5402171763446146 0.29092553477449645
20.200000000000017 0.16855270777879153 0.534923660211728 0.2965236320094805
20.30000000000002 0.16833072936465063 0.5295230945546366 0.3021461760807127
20.40000000000002 0.1681918153926006 0.5240207583270974 0.307787426280302
20.50000000000002 0.16813646298233276 0.5184221048215037 0.3134414321961635
20.600000000000023 0.16816520503200608 0.5127327507967528 0.3191020441712411
20.700000000000024 0.16827861047779785 0.5069584646749081 0.3247629248472941
20.800000000000026 0.1684772843918069 0.5011051538576776 0.3304175617505155
20.900000000000027 0.16876186790964723 0.49517885122291216 0.33605928086744064
21.00000000000003 0.16913303797871032 0.489185700870056 0.34168126115123365
21.10000000000003 0.16959150691773694 0.48313194319162006 0.347276549890643
21.20000000000003 0.1701380217780312 0.4770238993551672 0.35283807886680163
21.300000000000033 0.17077336349637579 0.4708679552868813 0.35835868121674297
21.400000000000034 0.17149834582947832 0.46467054525343515 0.36383110891708653
21.500000000000036 0.17231381405959975 0.4584381351434798 0.3692480507969204
21.600000000000037 0.17322064346089805 0.4521772055535807 0.37460215098552124
21.70000000000004 0.17421973751597133 0.4458942347857649 0.3798860276982638
21.80000000000004 0.1753120258721152 0.4395956818649828 0.3850922922629019
21.90000000000004 0.17649846202692893 0.4332879696847114 0.3902135682883596
22.000000000000043 0.177780020733125 0.426977468387637 0.39524251087923795
22.100000000000044 0.1791576951127277 0.42067047908588273 0.40017182580138955
22.200000000000045 0.18063249347129995 0.4143732180216279 0.40499428850707214
22.300000000000047 0.18220543580342494 0.40809180126427336 0.4097027629323017
22.40000000000005 0.1838775499814018 0.401832230034615 0.4142902199839832
22.50000000000005 0.18564986762000377 0.3956003767398937 0.41874975564010253
22.60000000000005 0.18752341961120444 0.38940197179620395 0.4230746085925916
22.700000000000053 0.1894992313240125 0.3832425913066836 0.42725817736930394
22.800000000000054 0.1915783174659785 0.3771276456552989 0.4312940368787226
22.900000000000055 0.19376167660455676 0.3710623690670188 0.43517595432842443
23.000000000000057 0.19605028534832886 0.36505181017586796 0.43889790447580324
23.10000000000006 0.19844509219012896 0.3591008236328989 0.44245408417697213
23.20000000000006 0.20094701101635792 0.35321406277665685 0.44583892620698523
23.30000000000006 0.20355691428923584 0.34739597337935224 0.4490471123314119
23.400000000000063 0.20627562591141885 0.3416507884728253 0.4520735856157558
23.500000000000064 0.20910391378529314 0.3359825242495877 0.4549135619651192
23.600000000000065 0.2120424820823478 0.3303949770258608 0.45756254089179144
23.700000000000067 0.21509196324130853 0.3248917212456811 0.46001631551301037
23.800000000000068 0.21825290971717065 0.3194761084978815 0.4622709817849479
23.90000000000007 0.22152578550688135 0.31415126751114353 0.4643229469819752
24.00000000000007 0.224910957481165 0.308920105086395 0.46616893743244003
24.100000000000072 0.22840868655583008 0.30378530792062974 0.4678060055235401
24.200000000000074 0.23201911873980882 0.2987493452717707 0.46923153598842043
24.300000000000075 0.2357422761011202 0.29381447241049147 0.47044325148838834
24.400000000000077 0.23957804769586938 0.288982734801946 0.4714392175021847
24.500000000000078 0.24352618050925148 0.2842559729581208 0.47221784653262777
24.60000000000008 0.24758627046126017 0.27963582789998537 0.4727779016387545
24.70000000000008 0.25175775353335417 0.2751237471677498 0.47311849929889604
24.800000000000082 0.256039897075643 0.2707209913172966 0.4732391116070604
24.900000000000084 0.2604317913571527 0.2664286408411944 0.47313956780165284
25.000000000000085 0.2649323414243554 0.26224760345357273 0.47282005512207187
25.100000000000087 0.26954025933532294 0.25817862167948796 0.47228111898518915
25.200000000000088 0.27425405683852805 0.25422228069118225 0.47152366247028965
25.30000000000009 0.2790720385663966 0.25037901633578175 0.47054894509782164
25.40000000000009 0.2839922958141496 0.24664912330143135 0.469358580884419
25.500000000000092 0.28901270097420123 0.24303276337157811 0.46795453565422074
25.600000000000094 0.29413090269534903 0.23952997372003199 0.466339123584619
25.700000000000095 0.2993443218341524 0.23614067520250798 0.46451500296333964
25.800000000000097 0.3046501482632162 0.2328646806035369 0.46248517113324683
25.900000000000098 0.3100453385975462 0.22970170280088137 0.4602529586015725
26.0000000000001 0.31552661489571054 0.2266513628128682 0.4578220222914212
26.1000000000001 0.32109046438722977 0.22371319769731443 0.4551963379154558
26.200000000000102 0.3267331402714366 0.22088666827394574 0.4523801914546176
26.300000000000104 0.33245066362603487 0.21817116664536004 0.449378169728605
26.400000000000105 0.3382388264557854 0.21556602349464662 0.446195150049568
26.500000000000107 0.3440931959032224 0.21307051514071546 0.44283628895606214
26.600000000000108 0.35000911963414055 0.21068387033520392 0.4393070100306555
26.70000000000011 0.35598173240088077 0.20840527678749585 0.4356129908116234
26.80000000000011 0.3620059637762983 0.20623388740690118 0.4317601488168006
26.900000000000112 0.3680765470408427 0.20416882625339527 0.42775462670576203
27.000000000000114 0.37418802919454985 0.2022091941905023 0.42360277661494783
27.100000000000115 0.3803347820550903 0.20035407423592247 0.41931114370898726
27.200000000000117 0.3865110143924821 0.19860253660735097 0.4148864490001669
27.300000000000118 0.39271078504082146 0.19695364346261587 0.41033557149656263
27.40000000000012 0.3989280169175598 0.19540645333478052 0.40566552974765974
27.50000000000012 0.4051565118716182 0.19396002526421297 0.40088346286416876
27.600000000000122 0.41138996627312724 0.19261342263083087 0.39599661109604184
27.700000000000124 0.4176219872499422 0.1913657166907888 0.3910122960592689
27.800000000000125 0.4238461094694464 0.19021598982279508 0.3859379007077586
27.900000000000126 0.43005581235861506 0.18916333849003422 0.3807808491513507
28.000000000000128 0.4362445376509728 0.18820687592433744 0.37554858642468975
28.10000000000013 0.44240570714600036 0.18734573453979617 0.37024855831420345
28.20000000000013 0.4485327405647862 0.1865790680834594 0.36488819135175443
28.300000000000132 0.45461907338530066 0.1859060535311058 0.3594748730835936
28.400000000000134 0.4606581745415956 0.1853258927363426 0.3540159327220618
28.500000000000135 0.46664356387348427 0.18483781384146303 0.3485186222850527
28.600000000000136 0.47256882921678717 0.18444107245860442 0.3429900983246085
28.700000000000138 0.47842764302897617 0.1841349526297914 0.33743740434123237
28.80000000000014 0.4842137784509271 0.18391876757443756 0.33186745397463535
28.90000000000014 0.489921124712394 0.18379186023281582 0.3262870150547902
29.000000000000142 0.4955437017966297 0.18375360361390297 0.32070269458946726
29.100000000000144 0.501075674288165 0.18380340095586195 0.31512092475597303
29.200000000000145 0.5065113643369816 0.1839406857072535 0.30954794995576485
29.300000000000146 0.5118452636820227 0.18416492133687173 0.3039898149811056
29.400000000000148 0.5170720446870314 0.18447560097988214 0.2984523543330865
29.50000000000015 0.5221865703519398 0.1848722469277093 0.29294118272035086
29.60000000000015 0.5271839032732977 0.18535440996888095 0.28746168675782136
29.700000000000152 0.5320593135373946 0.18592166858778825 0.2820190178748172
29.800000000000153 0.5368082855396543 0.18657362802807337 0.2766180864322723
29.900000000000155 0.5414265237334398 0.18730991922710913 0.27126355703945104
30.000000000000156 0.5459099573204953 0.18813019762779254 0.26595984505171216
30.100000000000158 0.550254743903767 0.18903414187364082 0.26071111422259213
30.20000000000016 0.5544572721312051 0.1900214523929537 0.2555212754758412
30.30000000000016 0.5585141633662847 0.19109184987759578 0.25039398675611957
30.400000000000162 0.562422272427351 0.1922450736617557 0.24533265391089332
30.500000000000163 0.5661786874434411 0.1934808800058605 0.24034043255069837
30.600000000000165 0.5697807288789577 0.19479904029066156 0.23542023083038074
30.700000000000166 0.5732259477834458 0.19619933912636767 0.2305747130901865
30.800000000000168 0.5765121233257726 0.19768157238157993 0.22580630429264745
30.90000000000017 0.579637259674233 0.1992455451366839 0.22111719518908313
31.00000000000017 0.5825995822855496 0.20089106956627778 0.21650934814817258
31.100000000000172 0.5853975336664252 0.20261796275516075 0.21198450357841403
31.200000000000173 0.5880297686712909 0.20442604445237483 0.2075441868763343
31.300000000000175 0.5904951493992344 0.20631513476778404 0.20318971583298154
31.400000000000176 0.5927927397518306 0.20828505181568926 0.19892220843248018
31.500000000000178 0.5949217997118039 0.2103356093100132 0.1947425909781829
31.60000000000018 0.5968817794001929 0.21246661411564682 0.19065160648416024
31.70000000000018 0.5986723129670088 0.21467786376062753 0.18664982327236362
31.800000000000182 0.6002932123673685 0.2169691439139162 0.18273764371871526
31.900000000000183 0.6017444610717805 0.21934022583365673 0.1789153130945628
32.000000000000185 0.6030262077557375 0.22179086379093405 0.1751829284533285
32.100000000000186 0.6041387600100833 0.2243207924741947 0.17154044751572203
32.20000000000019 0.6050825781098167 0.22692972437965508 0.16798769751052822
32.30000000000019 0.6058582688751307 0.22961734719319482 0.16452438393167446
32.40000000000019 0.6064665796546064 0.2323833211694143 0.16115009917597933
32.50000000000019 0.6069083924566195 0.2352272765137234 0.15786433102965705
32.60000000000019 0.6071847182512267 0.23814881077352104 0.1546664709752523
32.700000000000195 0.6072966914610931 0.24114748624471785 0.15155582229418904
32.800000000000196 0.6072455646564506 0.24422282740004797 0.1485316079435014
32.9000000000002 0.6070327034656386 0.24737431834580262 0.14559297818855874
33.0000000000002 0.606659581709521 0.25060140031379924 0.14273901797667982
33.1000000000002 0.6061277767649914 0.25390346919557016 0.13996875403943843
33.2000000000002 0.6054389651598964 0.25727987312591016 0.13728116171419347
33.3000000000002 0.6045949183990293 0.26072991012306296 0.1346751714779077
33.400000000000205 0.6035974990183883 0.26425282579294473 0.13214967518866694
33.500000000000206 0.6024486568626447 0.26784781110489925 0.12970353203245605
33.60000000000021 0.6011504255787454 0.27151400024654754 0.12733557417470703
33.70000000000021 0.599704919316768 0.2752504685653361 0.12504461211789597
33.80000000000021 0.5981143296275595 0.2790562306043924 0.12282943976804811
33.90000000000021 0.5963809225453189 0.2829302382402701 0.12068883921441098
34.00000000000021 0.5945070358421185 0.2868713789300973 0.11862158522778421
34.100000000000215 0.5924950764404009 0.2908784740755359 0.1166264494840632
34.200000000000216 0.5903475179687273 0.2949502775108084 0.11470220452046431
34.30000000000022 0.5880668984454754 0.2990854741218544 0.11284762743267018
34.40000000000022 0.5856558180747972 0.30328267860343827 0.11106150332176457
34.50000000000022 0.5831169371389237 0.30754043436074047 0.10934262850033588
34.60000000000022 0.5804529739708505 0.31185721256162835 0.10768981346752116
34.70000000000022 0.5776667029915314 0.31623141134541777 0.10610188566305079
34.800000000000225 0.5747609527959515 0.3206613551935026 0.1045776920105459
34.900000000000226 0.5717386042728281 0.3251452944667471 0.10311610126042481
35.00000000000023 0.5686025887431867 0.329681405114009 0.1017160061428043
35.10000000000023 0.5653558861036777 0.3342677885555849 0.10037632534073737
35.20000000000023 0.5620015229612177 0.33890247174475513 0.09909600529402712
35.30000000000023 0.5585425707463578 0.3435834074099448 0.09787402184369737
35.40000000000023 0.5549821437936786 0.3483084744793241 0.09670938172699728
35.500000000000234 0.5513233973784888 0.3530754786889407 0.09560112393257053
35.600000000000236 0.5475695257001432 0.35788215337471785 0.09454832092513898
35.70000000000024 0.5437237598033887 0.36272616044786865 0.09355007974874263
35.80000000000024 0.5397893654302888 0.3676050915524708 0.09260554301724044
35.90000000000024 0.5357696407964461 0.37251646940312827 0.09171388980042566
36.00000000000024 0.5316679142864466 0.37745774929981835 0.0908743364137351
36.10000000000024 0.5274875420646576 0.38242632081619105 0.09008613711915131
36.200000000000244 0.5232319055987354 0.3874195096567618 0.08934858474450275
36.300000000000246 0.5189044090944118 0.39243457967762174 0.08866101122796644
36.40000000000025 0.5145084768413345 0.3974687350644899 0.08802278809417563
36.50000000000025 0.5100475504709161 0.40251912266115686 0.08743332686792704
36.60000000000025 0.5055250861283009 0.40758283444062443 0.08689207943107463
36.70000000000025 0.5009445515616708 0.4126569101105383 0.08639853832779087
36.80000000000025 0.4963094231331801 0.41773833984384906 0.08595223702297078
36.900000000000254 0.49162318275682554 0.42282406712502324 0.08555275011815117
37.000000000000256 0.4868893147695107 0.42791099170157126 0.08519969352891804
37.10000000000026 0.48211130274245423 0.432995972630166 0.08489272462737985
37.20000000000026 0.47729262624090835 0.4380758314062003 0.08463154235289139
37.30000000000026 0.47243675754089454 0.4431473551652798 0.08441588729382565
37.40000000000026 0.46754715831232274 0.4482072999448707 0.08424554174280657
37.50000000000026 0.4626272762784354 0.4532523939941288 0.08412032972743583
37.600000000000264 0.45768054186200596 0.4582793411198243 0.08404011701816966
37.700000000000266 0.4527103648291179 0.46328482405625127 0.08400481111463076
37.80000000000027 0.4477201309416602 0.46826550784707516 0.08401436121126465
37.90000000000027 0.44271319862988845 0.473218043227222 0.08406875814288955
38.00000000000027 0.4376928956965292 0.4781390699931539 0.08416803431031694
38.10000000000027 0.4326625160639369 0.4830252203502047 0.08431226358585842
38.20000000000027 0.42762531657576275 0.48787312222606427 0.08450156119817298
38.300000000000274 0.42258451386445395 0.49267940254000325 0.0847360835955428
38.400000000000276 0.41754328129568224 0.4974406904180103 0.08501602828630739
38.50000000000028 0.412504746000499 0.5021536203446778 0.08534163365482317
38.60000000000028 0.40747198600564166 0.5068148352434082 0.08571317875095008
38.70000000000028 0.4024480274719709 0.5114209894773194 0.08613098305070976
38.80000000000028 0.3974358420505121 0.5159687517640984 0.08659540618538952
38.90000000000028 0.39243834436500713 0.5204548079989844 0.08710684763600851
39.000000000000284 0.3874583896292664 0.5248758639810426 0.08766574638969105
39.100000000000286 0.38249877140694655 0.5292286480389216 0.0882725805541319
39.20000000000029 0.3775622195206782 0.5335099135533514 0.08892786692597032
39.30000000000029 0.3726513981167321 0.5377164413747423 0.08963216050852563
39.40000000000029 0.36776890389065436 0.5418450421353628 0.0903860539739828
39.50000000000029 0.3629172644785214 0.5458925584567191 0.0911901770647594
39.60000000000029 0.35809893701767576 0.5498558670539021 0.0920451959284222
39.700000000000294 0.35331630688000826 0.5537318807398155 0.09295181238017625
39.800000000000296 0.34857168658005705 0.5575175503333403 0.09391076308660273
39.9000000000003 0.343867314859407 0.5612098664766109 0.09492281866398211
40.0000000000003 0.3392053559480976 0.5648058613676785 0.09598878268422384
40.1000000000003 0.33458789900299013 0.5683026104159021 0.09710949058110774
40.2000000000003 0.3300169577223138 0.5716972338284338 0.09828580844925239
40.3000000000003 0.32549447013490085 0.5749868981371407 0.0995186317279585
40.400000000000304 0.32102229856194936 0.5781688176762261 0.10080888376182462
40.500000000000306 0.3166022297485128 0.5812402560216686 0.10215751422981856
40.60000000000031 0.31223597516131396 0.5841985274043793 0.10356549743430676
40.70000000000031 0.3079251714489224 0.5870409981096808 0.1050338304413968
40.80000000000031 0.3036713810598181 0.5897650878763299 0.10656353106385197
40.90000000000031 0.29947609301339206 0.592368271308821 0.10815563567778697
41.00000000000031 0.29534072381850907 0.5948480793171312 0.1098111968643597
41.100000000000314 0.2912666185338791 0.5972021005983718 0.11153128086774922
41.200000000000315 0.2872550519641502 0.599427983175005 0.11331696486084486
41.30000000000032 0.2833072299853514 0.6015234360043537 0.11516933401029494
41.40000000000032 0.2794242909930726 0.6034862306740647 0.11708947833286265
41.50000000000032 0.27560730746657397 0.6053142031979941 0.11907848933543197
41.60000000000032 0.2718572876418661 0.6070052559266311 0.12113745643150275
41.70000000000032 0.26817517728669116 0.6085573595856939 0.12326746312761494
41.800000000000324 0.2645618615702671 0.6099685554558757 0.12546958297385713
41.900000000000325 0.26101816702062364 0.6112369577059178 0.12774487527345857
42.00000000000033 0.2575448635623629 0.612360755890212 0.13009438054742506
42.10000000000033 0.25414266662771373 0.6133382176209946 0.1325191157512916
42.20000000000033 0.250812239333815 0.6141676914238846 0.13502006924230037
42.30000000000033 0.24755419471925716 0.6148476097840337 0.13759819549670904
42.40000000000033 0.24436909803302914 0.6153764923884975 0.14025440957847346
42.500000000000334 0.24125746906915824 0.6157529495686046 0.14298958136223716
42.600000000000335 0.2382197845404876 0.6159756859441018 0.14580452951541056
42.70000000000034 0.23525648048521097 0.6160435042686777 0.14870001524611132
42.80000000000034 0.23236795469997 0.6159553094741422 0.1516767358258878
42.90000000000034 0.22955456919351525 0.6157101129080493 0.15473531789843542
43.00000000000034 0.22681665265513587 0.6153070367569268 0.15787631058793739
43.10000000000034 0.22415450293226882 0.6147453186445174 0.16110017842321378
43.200000000000344 0.22156838951190727 0.6140243163915636 0.1644072940965291
43.300000000000345 0.21905855600063515 0.6131435129207001 0.1677979310786647
43.40000000000035 0.21662522259831773 0.612102521286979 0.17127225611470331
43.50000000000035 0.21426858856067613 0.6109010898114559 0.17483032162786805
43.60000000000035 0.21198883464616242 0.6095391072921589 0.17847205806167865
43.70000000000035 0.20978612554273185 0.6080166082636521 0.1821972661936161
43.80000000000035 0.20766061227027446 0.6063337782733506 0.186005609456375
43.900000000000354 0.20561243455462286 0.604490959139761 0.1898966063056161
44.000000000000355 0.2036417231691889 0.6024886541549652 0.19386962267584584
44.10000000000036 0.201748602240404 0.6003275331909633 0.19792386456863265
44.20000000000036 0.19993319151323902 0.5980084376670054 0.20205837081975564
44.30000000000036 0.19819560857316304 0.5955323853327978 0.20627200609403906
44.40000000000036 0.1965359710209631 0.592900574820529 0.21056345415850786
44.50000000000036 0.19495439859688768 0.5901143899170612 0.2149312114860511
44.600000000000364 0.19345101525059677 0.5871754035064236 0.21937358124297957
44.700000000000365 0.19202595115339827 0.5840853811319703 0.22388866771463145
44.80000000000037 0.19067934464922515 0.5808462841272627 0.2284743712235121
44.90000000000037 0.1894113441407592 0.5774602722649546 0.23312838359428623
45.00000000000037 0.1882221099070365 0.5739297058737173 0.23784818421924625
45.10000000000037 0.18711181584877584 0.5702571473745852 0.2426310367766389
45.20000000000037 0.1860806511575553 0.5664453621900387 0.24747398665240605
45.300000000000374 0.1851288219048251 0.5624973189816972 0.25237385911347776
45.400000000000375 0.18425655254658602 0.5584161891756692 0.25732725827774483
45.50000000000038 0.18346408733938432 0.5542053457384013 0.26233056692221435
45.60000000000038 0.18275169166307748 0.5498683611702698 0.2673799471666527
45.70000000000038 0.18211965324560983 0.5454090046891448 0.27247134206524537
45.80000000000038 0.18156828328480812 0.5408312385816975 0.2776004781334944
45.90000000000038 0.18109791746196188 0.536139213706272 0.28276286883176605
46.000000000000384 0.18070891684169899 0.531337264137646 0.287953819020655
46.100000000000385 0.18040166865240118 0.5264299009509041 0.2931684303966947
46.20000000000039 0.18017658694113334 0.5214218051488653 0.29840160791000137
46.30000000000039 0.18003411309678521 0.516317819744957 0.30364806715825776
46.40000000000039 0.17997471623484967 0.5111229410210341 0.3089023427441162
46.50000000000039 0.17999889343698947 0.5058423089872882 0.3141587975757223
46.60000000000039 0.18010716983828115 0.5004811970790051 0.3194116330827138
46.700000000000394 0.18030009855477266 0.49504500113237393 0.3246549003128534
46.800000000000395 0.18057826044375577 0.4895392276887567 0.3298825118674875
46.9000000000004 0.1809422636889418 0.48396948168365955 0.3350882546273986
47.0000000000004 0.18139274320254287 0.47834145358303237 0.3402658032144248
47.1000000000004 0.18193035983610908 0.47266090603534605 0.3454087341285449
47.2000000000004 0.1825557993918599 0.46693366011308274 0.3505105404950574
47.3000000000004 0.1832697714261817 0.4611655812217367 0.3555646473520816
47.400000000000404 0.18407300783695263 0.4553625647580961 0.3605644274049513
47.500000000000405 0.18496626122640422 0.4495305216024036 0.36550321717119216
47.600000000000406 0.185950303031349 0.44367536353092835 0.3703743334377227
47.70000000000041 0.18702592141279806 0.43780298863650274 0.3751710899506992
47.80000000000041 0.188193918897275 0.43191926684465826 0.37988681425806675
47.90000000000041 0.18945510976250737 0.42603002561215 0.3845148646253427
48.00000000000041 0.19081031716065566 0.4201410358928922 0.38904864694645214
48.10000000000041 0.19226036997282897 0.41425799845367767 0.3934816315734934
48.200000000000415 0.19380609938934623 0.4083865306185594 0.3978073699920944
48.300000000000416 0.19544833521103902 0.4025321535164948 0.4020195112724662
48.40000000000042 0.19718790186786497 0.39670027990185813 0.4061118182302769
48.50000000000042 0.19902561415221762 0.3908962026117925 0.4100781832359899
48.60000000000042 0.2009622726655837 0.38512508371818927 0.413912643616227
48.70000000000042 0.20299865897862054 0.37939194442543944 0.41760939659594
48.80000000000042 0.20513553050630665 0.37370165575809794 0.42116281373559544
48.900000000000425 0.20737361510156146 0.368058930075338 0.4245674548231005
49.000000000000426 0.2097136053726387 0.36246831344164837 0.4278180811857129
49.10000000000043 0.21215615273166705 0.35693417887574014 0.43090966839259276
49.20000000000043 0.21470186118394485 0.3514607204921813 0.43383741832387385
49.30000000000043 0.217351280869982 0.346051948542951 0.436596770587067
49.40000000000043 0.22010490137481825 0.3407116853589943 0.4391834132661875
49.50000000000043 0.2229631448218193 0.3354435621850341 0.44159329299314654
49.600000000000435 0.22592635877094902 0.3302510168944317 0.4438226243346193
49.700000000000436 0.22899480894441776 0.32513729256484103 0.44586789849074115
49.80000000000044 0.2321686718055958 0.3201054368898243 0.44772589130457996
49.90000000000044 0.23544802702013004 0.31515830239652964 0.44939367058334034
50.00000000000044 0.23883284983128453 0.31029854743500473 0.45086860273371077
50.10000000000044 0.2423230033846103 0.3055286379007555 0.45214835871463416
50.20000000000044 0.2459182310400995 0.30085084964876807 0.45323091931113246
50.300000000000445 0.2496181487129564 0.29626727155439575 0.45411457973264785
50.400000000000446 0.25342223728698043 0.29177980917426827 0.4547979535387513
50.50000000000045 0.2573298351472581 0.2873901889586912 0.45527997589405067
50.60000000000045 0.261340130881355 0.2830999629658525 0.4555599061527925
50.70000000000045 0.2654521562004374 0.27891051402751377 0.45563732977204885
50.80000000000045 0.2696647791336807 0.274823061315702 0.4555121595506173
50.90000000000045 0.27397669755089404 0.2708386662602072 0.45518463618889876
51.000000000000455 0.27838643306944977 0.26695823876738395 0.4546553281631663
51.100000000000456 0.28289232540230885 0.26318254369182026 0.45392513090587094
51.20000000000046 0.2874925272041279 0.2595122075138269 0.4529952652820452
51.30000000000046 0.2921849994720798 0.2559477251773797 0.45186727535054055
51.40000000000046 0.2969675075570776 0.2524894670450664 0.4505430253978559
51.50000000000046 0.3018376178395266 0.2491376859287177 0.4490246962317557
51.60000000000046 0.3067926951215206 0.24589252415668847 0.447314780721791
51.700000000000465 0.3118299007845218 0.24275402064117363 0.4454160785743046
51.800000000000466 0.3169461917580163 0.23972211791144843 0.44333169033053527
51.90000000000047 0.32213832034041534 0.23679666908148755 0.4410650105780971
52.00000000000047 0.32740283490859506 0.23397744472300933 0.4386197203683956
52.10000000000047 0.332736081546951 0.23126413961758271 0.43599977883546626
52.20000000000047 0.3381342066207298 0.22865637936400018 0.43320941401527
52.30000000000047 0.3435931603117341 0.22615372681963858 0.4302531128686273
